date,new,NTotal_ExposureOnly,domestic-contactWithCase,domestic-contactWithTraveller,domestic-unknown,internationalTravel,infopending,cumulative,cumulativeNTotal_ExposureOnly,doubleFlagTest,shaded
2020-01-15,2,1,0,0,0,1,0,2,1,1,14
2020-01-16,5,3,1,0,2,0,0,7,4,1,
2020-01-17,1,1,0,0,0,1,0,8,5,0,
2020-01-18,0,0,0,0,0,0,0,8,5,0,
2020-01-19,0,0,0,0,0,0,0,8,5,0,
2020-01-20,1,0,0,0,0,0,0,9,5,0,
2020-01-21,4,0,0,0,0,0,0,13,5,0,
2020-01-22,5,4,1,0,1,2,0,18,9,1,
2020-01-23,0,0,0,0,0,0,0,18,9,0,
2020-01-24,3,2,0,0,0,2,0,21,11,0,
2020-01-25,4,3,2,0,1,0,0,25,14,0,
2020-01-26,2,1,1,0,0,0,0,27,15,0,
2020-01-27,7,3,2,0,1,0,0,34,18,0,
2020-01-28,6,2,1,0,0,1,0,40,20,1,
2020-01-29,2,1,0,0,0,0,1,42,21,0,
2020-01-30,3,1,1,0,0,0,0,45,22,0,
2020-01-31,2,1,0,0,1,0,0,47,23,0,
2020-02-01,5,5,3,0,1,1,0,52,28,0,
2020-02-02,3,2,0,0,1,1,0,55,30,0,
2020-02-03,1,1,0,0,1,0,0,56,31,0,
2020-02-04,2,2,0,0,2,0,0,58,33,0,
2020-02-05,3,3,1,0,1,1,0,61,36,0,
2020-02-06,0,0,0,0,0,0,0,61,36,0,
2020-02-07,0,0,0,0,0,0,0,61,36,0,
2020-02-08,1,0,0,0,0,0,0,62,36,0,
2020-02-09,1,1,0,0,0,1,0,63,37,0,
2020-02-10,2,2,0,0,1,1,0,65,39,0,
2020-02-11,2,1,0,0,1,0,0,67,40,0,
2020-02-12,4,3,2,0,1,0,0,71,43,0,
2020-02-13,1,1,0,0,0,1,0,72,44,0,
2020-02-14,6,5,0,0,3,2,0,78,49,0,
2020-02-15,3,2,1,0,0,1,0,81,51,1,
2020-02-16,1,1,0,0,0,1,0,82,52,0,
2020-02-17,2,2,1,0,0,1,0,84,54,0,
2020-02-18,2,2,2,0,0,0,0,86,56,0,
2020-02-19,4,4,2,0,1,1,0,90,60,0,
2020-02-20,9,9,3,1,3,2,0,99,69,0,
2020-02-21,3,3,0,0,1,2,0,102,72,0,
2020-02-22,8,8,2,0,3,3,0,110,80,0,
2020-02-23,22,22,11,0,3,7,1,132,102,0,
2020-02-24,15,14,3,0,2,9,0,147,116,0,
2020-02-25,16,16,4,0,2,10,0,163,132,1,
2020-02-26,14,13,6,1,4,2,0,177,145,0,
2020-02-27,27,26,12,0,7,7,0,204,171,0,
2020-02-28,39,37,17,0,6,14,0,243,208,0,
2020-02-29,27,27,8,0,7,12,0,270,235,0,
2020-03-01,60,59,12,0,26,20,1,330,294,1,
2020-03-02,56,56,8,0,18,30,0,386,350,0,
2020-03-03,55,55,15,0,12,28,0,441,405,0,
2020-03-04,61,58,13,1,14,30,0,502,463,0,
2020-03-05,67,67,12,1,23,31,0,569,530,0,
2020-03-06,86,85,17,2,26,40,0,655,615,0,
2020-03-07,92,92,15,3,30,44,0,747,707,1,
2020-03-08,135,134,27,2,45,60,0,882,841,0,
2020-03-09,224,223,44,10,79,90,0,1106,1064,0,
2020-03-10,256,254,55,9,72,118,0,1362,1318,0,
2020-03-11,295,295,74,11,84,125,1,1657,1613,1,
2020-03-12,389,389,92,9,128,159,1,2046,2002,0,
2020-03-13,467,461,125,8,151,175,2,2513,2463,0,
2020-03-14,469,466,98,15,168,183,2,2982,2929,0,
2020-03-15,604,600,152,10,211,225,2,3586,3529,1,
2020-03-16,848,840,254,10,308,267,1,4434,4369,0,
2020-03-17,871,866,260,16,321,264,5,5305,5235,0,
2020-03-18,972,966,282,20,358,302,4,6277,6201,0,
2020-03-19,812,803,253,13,298,236,3,7089,7004,0,
2020-03-20,1059,1054,363,21,423,238,9,8148,8058,1,
2020-03-21,909,895,320,8,326,237,4,9057,8953,0,
2020-03-22,871,861,320,13,341,185,2,9928,9814,0,
2020-03-23,1093,1080,465,16,417,173,9,11021,10894,0,
2020-03-24,996,987,399,21,389,173,5,12017,11881,0,
2020-03-25,1006,991,449,13,414,108,7,13023,12872,0,
2020-03-26,939,928,449,12,341,117,9,13962,13800,0,
2020-03-27,972,962,482,9,374,84,13,14934,14762,0,
2020-03-28,976,966,472,9,390,84,11,15910,15728,0,
2020-03-29,887,879,461,7,355,50,6,16797,16607,1,
2020-03-30,1180,1172,584,10,488,77,13,17977,17779,0,
2020-03-31,1007,1000,559,3,357,68,13,18984,18779,0,
2020-04-01,1325,1314,756,12,452,84,10,20309,20093,0,
2020-04-02,1194,1188,749,11,374,46,8,21503,21281,0,
2020-04-03,1340,1330,887,6,375,53,9,22843,22611,0,
2020-04-04,1173,1170,744,9,370,29,18,24016,23781,0,
2020-04-05,1080,1075,679,5,370,13,8,25096,24856,0,
2020-04-06,1442,1438,886,11,514,14,13,26538,26294,0,
2020-04-07,1308,1303,792,13,469,16,13,27846,27597,0,
2020-04-08,1406,1402,883,10,489,6,14,29252,28999,0,
2020-04-09,1506,1504,968,14,494,4,24,30758,30503,0,
2020-04-10,1811,1806,1137,19,620,6,24,32569,32309,0,
2020-04-11,1716,1713,973,11,686,4,39,34285,34022,1,
2020-04-12,1446,1443,887,16,506,7,27,35731,35465,0,
2020-04-13,2129,2127,1169,33,887,6,32,37860,37592,0,
2020-04-14,1821,1820,1096,21,668,2,33,39681,39412,0,
2020-04-15,1962,1955,1232,22,672,4,25,41643,41367,0,
2020-04-16,1962,1958,1105,19,778,1,55,43605,43325,0,
2020-04-17,1861,1857,1104,17,699,3,34,45466,45182,0,
2020-04-18,1620,1615,1043,20,522,3,27,47086,46797,0,
2020-04-19,1231,1227,743,15,454,4,11,48317,48024,0,
2020-04-20,1845,1841,1080,10,714,2,35,50162,49865,0,
2020-04-21,1412,1410,842,13,520,6,29,51574,51275,0,
2020-04-22,1571,1566,910,13,612,1,30,53145,52841,0,
2020-04-23,1583,1572,917,18,600,5,32,54728,54413,0,
2020-04-24,1539,1534,930,11,548,2,43,56267,55947,0,
2020-04-25,1406,1399,823,14,475,5,82,57673,57346,0,
2020-04-26,1317,1312,790,13,463,4,42,58990,58658,0,
2020-04-27,1657,1646,952,12,637,5,40,60647,60304,0,
2020-04-28,1531,1520,929,18,544,6,23,62178,61824,0,
2020-04-29,1488,1482,807,4,654,2,15,63666,63306,0,
2020-04-30,1471,1463,828,4,611,3,17,65137,64769,0,
2020-05-01,1593,1582,895,8,656,4,19,66730,66351,0,
2020-05-02,1070,1066,657,8,381,0,20,67800,67417,0,
2020-05-03,1023,1021,621,6,379,5,10,68823,68438,1,
2020-05-04,1363,1357,775,6,553,2,21,70186,69795,0,
2020-05-05,1300,1294,728,6,533,1,26,71486,71089,0,
2020-05-06,1128,1124,661,8,435,2,18,72614,72213,0,
2020-05-07,1180,1173,712,4,432,6,19,73794,73386,0,
2020-05-08,1183,1178,701,7,454,1,15,74977,74564,0,
2020-05-09,1023,1017,634,8,353,4,18,76000,75581,0,
2020-05-10,919,916,541,7,352,5,11,76919,76497,0,
2020-05-11,1225,1223,727,8,450,7,31,78144,77720,0,
2020-05-12,1164,1155,717,2,410,6,20,79308,78875,0,
2020-05-13,1103,1093,646,3,425,3,16,80411,79968,0,
2020-05-14,1160,1159,685,3,452,5,14,81571,81127,0,
2020-05-15,1216,1214,711,0,479,11,13,82787,82341,0,
2020-05-16,1001,993,601,2,375,2,13,83788,83334,0,
2020-05-17,913,903,537,2,343,8,13,84701,84237,0,
2020-05-18,1090,1080,617,2,449,5,7,85791,85317,0,
2020-05-19,963,959,583,3,361,4,8,86754,86276,0,
2020-05-20,1122,1109,651,2,444,1,11,87876,87385,0,
2020-05-21,884,873,547,2,307,6,11,88760,88258,0,
2020-05-22,841,831,513,0,311,5,2,89601,89089,0,
2020-05-23,691,685,441,1,233,4,6,90292,89774,0,
2020-05-24,651,646,400,0,231,4,11,90943,90420,0,
2020-05-25,857,845,508,3,313,4,17,91800,91265,0,
2020-05-26,747,733,458,1,261,7,6,92547,91998,0,
2020-05-27,714,702,425,2,263,2,10,93261,92700,0,
2020-05-28,596,582,361,2,205,2,12,93857,93282,0,
2020-05-29,731,727,444,0,275,3,5,94588,94009,0,
2020-05-30,564,557,397,2,155,1,2,95152,94566,0,
2020-05-31,408,398,258,0,131,3,6,95560,94964,0,
2020-06-01,687,679,395,6,249,6,23,96247,95643,0,
2020-06-02,493,485,320,1,155,5,4,96740,96128,0,
2020-06-03,491,487,321,4,149,4,9,97231,96615,0,
2020-06-04,461,452,265,1,169,11,6,97692,97067,0,
2020-06-05,445,435,311,0,118,3,3,98137,97502,0,
2020-06-06,371,366,234,1,124,4,3,98508,97868,0,
2020-06-07,313,302,212,0,84,1,5,98821,98170,0,
2020-06-08,432,424,289,6,114,10,5,99253,98594,0,
2020-06-09,373,366,244,3,110,4,5,99626,98960,0,
2020-06-10,440,435,259,5,152,10,9,100066,99395,0,
2020-06-11,376,360,242,3,107,5,3,100442,99755,0,
2020-06-12,375,370,224,5,132,6,3,100817,100125,0,
2020-06-13,275,271,180,1,83,5,2,101092,100396,0,
2020-06-14,300,293,186,0,95,9,3,101392,100689,0,
2020-06-15,398,391,242,4,134,7,4,101790,101080,0,
2020-06-16,368,357,234,2,106,10,5,102158,101437,0,
2020-06-17,363,355,228,0,117,6,4,102521,101792,0,
2020-06-18,328,317,198,1,110,4,4,102849,102109,0,
2020-06-19,335,334,231,0,88,11,4,103184,102443,0,
2020-06-20,284,278,186,0,83,8,1,103468,102721,0,
2020-06-21,270,267,175,0,85,4,3,103738,102988,0,
2020-06-22,323,317,211,2,96,4,4,104061,103305,0,
2020-06-23,325,325,219,2,91,6,7,104386,103630,0,
2020-06-24,285,285,183,2,87,9,4,104671,103915,0,
2020-06-25,463,461,326,2,122,5,6,105134,104376,0,
2020-06-26,277,270,170,0,83,11,6,105411,104646,0,
2020-06-27,251,247,165,1,71,7,3,105662,104893,0,
2020-06-28,237,234,135,1,88,9,1,105899,105127,0,
2020-06-29,332,327,198,2,106,10,11,106231,105454,0,
2020-06-30,309,299,197,4,93,2,3,106540,105753,0,
2020-07-01,287,274,177,8,83,5,1,106827,106027,0,
2020-07-02,266,258,161,1,83,6,7,107093,106285,0,
2020-07-03,305,293,184,2,91,13,3,107398,106578,0,
2020-07-04,292,280,173,3,93,10,1,107690,106858,0,
2020-07-05,271,268,177,3,81,6,1,107961,107126,0,
2020-07-06,502,491,268,2,176,17,28,108463,107617,0,
2020-07-07,519,507,264,6,208,19,10,108982,108124,0,
2020-07-08,439,419,279,4,121,10,5,109421,108543,0,
2020-07-09,449,431,268,3,139,12,9,109870,108974,0,
2020-07-10,412,389,258,5,107,14,5,110282,109363,0,
2020-07-11,384,373,228,3,128,12,2,110666,109736,0,
2020-07-12,396,381,236,3,134,6,2,111062,110117,0,
2020-07-13,603,571,359,12,185,12,3,111665,110688,0,
2020-07-14,544,505,299,4,182,13,7,112209,111193,0,
2020-07-15,563,519,310,3,175,16,15,112772,111712,0,
2020-07-16,457,419,259,4,136,17,3,113229,112131,0,
2020-07-17,500,463,272,6,167,7,11,113729,112594,0,
2020-07-18,405,381,228,2,137,7,7,114134,112975,0,
2020-07-19,392,357,202,4,137,12,2,114526,113332,0,
2020-07-20,526,472,264,6,183,14,5,115052,113804,0,
2020-07-21,522,468,266,10,181,6,5,115574,114272,0,
2020-07-22,442,381,181,6,180,10,4,116016,114653,0,
2020-07-23,444,354,173,3,165,7,6,116460,115007,0,
2020-07-24,457,377,181,7,177,5,7,116917,115384,0,
2020-07-25,307,230,108,4,109,6,3,117224,115614,0,
2020-07-26,333,220,102,6,100,10,2,117557,115834,0,
2020-07-27,471,330,176,3,133,14,4,118028,116164,0,
2020-07-28,415,285,154,1,111,14,5,118443,116449,0,
2020-07-29,403,245,138,1,99,3,4,118846,116694,0,
2020-07-30,329,213,109,1,87,6,10,119175,116907,0,
2020-07-31,338,220,120,0,85,10,5,119513,117127,0,
2020-08-01,338,208,114,8,61,17,8,119851,117335,0,
2020-08-02,330,196,123,6,59,6,2,120181,117531,0,
2020-08-03,427,272,161,2,98,10,1,120608,117803,0,
2020-08-04,446,313,186,0,100,20,7,121054,118116,0,
2020-08-05,376,277,170,9,87,8,3,121430,118393,0,
2020-08-06,344,248,161,4,71,7,5,121774,118641,0,
2020-08-07,383,300,189,2,91,6,12,122157,118941,0,
2020-08-08,332,237,151,4,76,2,4,122489,119178,0,
2020-08-09,322,254,150,7,87,7,3,122811,119432,0,
2020-08-10,470,365,215,8,126,12,4,123281,119797,0,
2020-08-11,469,356,217,5,123,10,1,123750,120153,0,
2020-08-12,405,324,211,11,87,12,3,124155,120477,0,
2020-08-13,420,349,222,8,107,10,2,124575,120826,0,
2020-08-14,374,302,175,7,108,9,3,124949,121128,0,
2020-08-15,365,302,171,7,111,7,6,125314,121430,0,
2020-08-16,377,292,167,14,104,4,3,125691,121722,0,
2020-08-17,539,413,262,11,126,7,7,126230,122135,0,
2020-08-18,424,348,205,4,123,4,12,126654,122483,0,
2020-08-19,445,351,207,9,120,5,10,127099,122834,0,
2020-08-20,440,351,222,5,107,4,13,127539,123185,0,
2020-08-21,421,334,206,9,105,5,9,127960,123519,0,
2020-08-22,394,333,225,7,93,5,3,128354,123852,0,
2020-08-23,403,317,203,3,104,6,1,128757,124169,0,
2020-08-24,571,434,266,15,137,7,9,129328,124603,0,
2020-08-25,611,454,293,12,138,10,1,129939,125057,0,
2020-08-26,610,452,286,13,143,5,5,130549,125509,0,
2020-08-27,484,363,230,11,109,3,10,131033,125872,0,
2020-08-28,556,413,262,11,126,6,8,131589,126285,0,
2020-08-29,455,327,206,10,88,5,18,132044,126612,0,
2020-08-30,554,397,242,4,127,7,17,132598,127009,0,
2020-08-31,643,429,260,11,132,9,17,133241,127438,0,
2020-09-01,745,512,301,18,162,7,24,133986,127950,0,
2020-09-02,774,528,333,12,151,8,24,134760,128478,0,
2020-09-03,657,454,267,5,163,4,15,135417,128932,0,
2020-09-04,719,478,287,9,159,10,13,136136,129410,0,
2020-09-05,665,414,254,9,126,9,16,136801,129824,0,
2020-09-06,683,421,269,4,135,8,5,137484,130245,0,
2020-09-07,786,488,299,9,159,9,12,138270,130733,1,
2020-09-08,954,610,352,14,218,10,16,139224,131343,0,
2020-09-09,1008,627,376,12,216,4,19,140232,131970,0,
2020-09-10,998,649,378,6,226,9,30,141230,132619,0,
2020-09-11,973,641,358,10,249,9,15,142203,133260,0,
2020-09-12,974,654,390,8,236,3,17,143177,133914,0,
2020-09-13,968,611,344,8,241,6,12,144145,134525,0,
2020-09-14,1259,800,478,14,274,7,27,145404,135325,0,
2020-09-15,1312,804,449,10,305,3,37,146716,136129,0,
2020-09-16,1355,818,494,22,273,4,25,148071,136947,0,
2020-09-17,1323,772,480,21,239,6,26,149394,137719,0,
2020-09-18,1424,805,521,8,241,1,34,150818,138524,0,
2020-09-19,1236,708,393,18,273,6,18,152054,139232,0,
2020-09-20,1356,757,419,12,281,9,36,153410,139989,0,
2020-09-21,1811,1013,561,16,377,6,53,155221,141002,0,
2020-09-22,1857,959,523,13,367,7,49,157078,141961,0,
2020-09-23,1906,1008,557,15,344,2,90,158984,142969,0,
2020-09-24,1955,985,526,9,355,2,93,160939,143954,0,
2020-09-25,2050,1061,563,20,373,9,96,162989,145015,0,
2020-09-26,1879,951,505,7,338,4,97,164868,145966,0,
2020-09-27,1965,968,479,10,353,6,120,166833,146934,0,
2020-09-28,2469,1198,625,16,420,3,134,169302,148132,0,
2020-09-29,2263,1128,552,23,407,3,143,171565,149260,0,
2020-09-30,2254,1128,564,16,438,1,109,173819,150388,0,
2020-10-01,2167,1113,585,9,417,9,93,175986,151501,0,
2020-10-02,2129,1084,548,17,405,9,105,178115,152585,0,
2020-10-03,1821,940,475,19,347,10,89,179936,153525,0,
2020-10-04,1839,922,508,14,318,4,78,181775,154447,0,
2020-10-05,2441,1266,676,20,457,4,109,184216,155713,0,
2020-10-06,2318,1259,676,31,420,10,122,186534,156972,0,
2020-10-07,2275,1261,689,20,435,9,108,188809,158233,0,
2020-10-08,2234,1189,655,14,405,10,105,191043,159422,0,
2020-10-09,2299,1250,655,18,458,7,112,193342,160672,0,
2020-10-10,2168,1338,682,17,550,7,82,195510,162010,0,
2020-10-11,1910,1116,604,17,397,5,93,197420,163126,0,
2020-10-12,2335,1338,717,19,500,8,94,199755,164464,0,
2020-10-13,2569,1524,864,22,523,9,106,202324,165988,0,
2020-10-14,2511,1522,879,27,507,7,102,204835,167510,0,
2020-10-15,2566,1417,841,24,443,9,100,207401,168927,0,
2020-10-16,2658,1596,894,19,573,4,106,210059,170523,0,
2020-10-17,2303,1382,817,25,428,6,106,212362,171905,0,
2020-10-18,2230,1377,804,13,456,12,92,214592,173282,0,
2020-10-19,2956,1881,1122,22,609,7,121,217548,175163,0,
2020-10-20,2822,1852,1101,27,564,9,151,220370,177015,0,
2020-10-21,2789,1742,1009,33,542,9,149,223159,178757,0,
2020-10-22,2796,1794,1093,21,550,2,128,225955,180551,0,
2020-10-23,2826,1810,1047,31,592,7,133,228781,182361,0,
2020-10-24,2640,1756,1038,34,524,10,150,231421,184117,0,
2020-10-25,2641,1676,1026,31,497,7,115,234062,185793,0,
2020-10-26,3384,2158,1268,23,664,10,193,237446,187951,0,
2020-10-27,3346,2197,1350,36,640,9,162,240792,190148,0,
2020-10-28,3623,2429,1432,38,753,9,197,244415,192577,0,
2020-10-29,3098,1979,1255,33,562,7,122,247513,194556,0,
2020-10-30,3524,2323,1333,44,783,10,153,251037,196879,0,
2020-10-31,3149,2149,1354,32,616,8,139,254186,199028,0,
2020-11-01,3447,2285,1383,33,713,8,148,257633,201313,0,
2020-11-02,4567,3024,1849,43,929,7,196,262200,204337,0,
2020-11-03,4493,3023,1801,34,896,15,277,266693,207360,0,
2020-11-04,4615,3050,1916,48,881,7,198,271308,210410,0,
2020-11-05,4538,3022,1755,34,943,8,282,275846,213432,0,
2020-11-06,4613,3065,1809,22,978,10,246,280459,216497,0,
2020-11-07,4310,2845,1530,17,1079,9,210,284769,219342,0,
2020-11-08,4029,2652,1454,13,1003,8,174,288798,221994,0,
2020-11-09,5291,3523,1824,26,1413,14,246,294089,225517,0,
2020-11-10,5128,3411,1739,19,1405,14,234,299217,228928,0,
2020-11-11,4938,3383,1821,26,1314,9,213,304155,232311,0,
2020-11-12,5037,3537,1709,19,1568,12,229,309192,235848,0,
2020-11-13,5183,3693,1784,17,1655,16,221,314375,239541,0,
2020-11-14,4531,3384,1694,11,1490,13,176,318906,242925,0,
2020-11-15,4458,3290,1639,22,1463,18,148,323364,246215,0,
2020-11-16,5600,4055,2039,17,1810,21,168,328964,250270,0,
2020-11-17,5411,3957,1912,19,1787,13,226,334375,254227,0,
2020-11-18,5650,4172,2105,28,1836,12,191,340025,258399,0,
2020-11-19,5493,3944,1864,24,1830,16,210,345518,262343,0,
2020-11-20,5522,4116,1982,30,1878,15,211,351040,266459,0,
2020-11-21,5069,3772,1825,23,1740,15,169,356109,270231,0,
2020-11-22,4853,3524,1760,26,1538,22,178,360962,273755,0,
2020-11-23,6322,4571,2264,35,2014,16,242,367284,278326,0,
2020-11-24,6225,4592,2191,31,2098,10,262,373509,282918,0,
2020-11-25,6387,4665,2187,28,2119,15,316,379896,287583,0,
2020-11-26,6100,4533,2147,30,2139,17,200,385996,292116,0,
2020-11-27,6241,4517,2091,34,2157,18,217,392237,296633,0,
2020-11-28,5585,4055,1990,23,1749,15,278,397822,300688,0,
2020-11-29,5409,3840,1715,31,1844,15,235,403231,304528,0,
2020-11-30,6912,4919,2309,37,2280,21,272,410143,309447,0,
2020-12-01,6771,4796,2336,21,2175,7,257,416914,314243,0,
2020-12-02,6695,4787,2149,38,2329,13,258,423609,319030,0,
2020-12-03,6702,4685,2188,34,2155,17,291,430311,323715,0,
2020-12-04,6787,4771,2202,41,2245,10,273,437098,328486,0,
2020-12-05,5821,4071,1843,39,1927,12,250,442919,332557,0,
2020-12-06,5797,3976,1929,34,1725,31,257,448716,336533,0,
2020-12-07,7649,5281,2519,48,2340,26,348,456365,341814,0,
2020-12-08,7169,4877,2281,40,2180,16,360,463534,346691,0,
2020-12-09,6906,4737,2226,31,2089,19,372,470440,351428,0,
2020-12-10,6846,4632,2112,46,2105,24,345,477286,356060,0,
2020-12-11,6827,4684,2130,50,2128,22,354,484113,360744,0,
2020-12-12,6159,4062,1868,43,1810,24,317,490272,364806,0,
2020-12-13,5520,3640,1748,27,1571,16,278,495792,368446,0,
2020-12-14,7669,5067,2323,42,2209,29,464,503461,373513,0,
2020-12-15,7206,4755,2138,33,2138,17,429,510667,378268,0,
2020-12-16,6865,4543,2103,47,1958,9,426,517532,382811,0,
2020-12-17,6636,4312,1900,36,1941,26,409,524168,387123,0,
2020-12-18,6904,4515,2018,53,1990,20,434,531072,391638,0,
2020-12-19,5892,3714,1773,41,1583,17,300,536964,395352,0,
2020-12-20,5879,3748,1827,32,1564,20,305,542843,399100,0,
2020-12-21,7563,4684,2220,41,1934,16,473,550406,403784,0,
2020-12-22,7107,4369,2160,44,1727,22,416,557513,408153,0,
2020-12-23,7382,4602,2273,49,1806,30,444,564895,412755,0,
2020-12-24,6878,4397,2129,43,1810,14,401,571773,417152,0,
2020-12-25,5696,3491,1819,52,1331,15,274,577469,420643,0,
2020-12-26,7589,4971,2568,58,1976,24,345,585058,425614,0,
2020-12-27,7540,4928,2682,68,1787,19,372,592598,430542,0,
2020-12-28,8933,5741,3019,52,2194,25,451,601531,436283,0,
2020-12-29,8128,5268,2821,72,1913,16,446,609659,441551,0,
2020-12-30,7824,4991,2661,59,1765,39,467,617483,446542,0,
2020-12-31,7421,4919,2616,57,1803,15,428,624904,451461,0,
2021-01-01,6790,4461,2384,40,1648,27,362,631694,455922,0,
2021-01-02,7499,5073,2759,69,1769,43,433,639193,460995,0,
2021-01-03,7288,4719,2556,61,1673,48,381,646481,465714,0,
2021-01-04,8907,5809,3100,69,2053,32,555,655388,471523,0,
2021-01-05,7762,5120,2805,64,1723,48,480,663150,476643,0,
2021-01-06,7706,4979,2661,59,1655,53,551,670856,481622,0,
2021-01-07,6872,4430,2367,54,1480,37,492,677728,486052,0,
2021-01-08,6743,4418,2358,58,1475,39,488,684471,490470,0,
2021-01-09,5969,3873,2071,54,1305,40,403,690440,494343,0,
2021-01-10,5566,3664,1950,58,1248,29,379,696006,498007,0,
2021-01-11,6864,4568,2488,59,1486,36,499,702870,502575,0,
2021-01-12,6074,4010,2171,71,1290,30,448,708944,506585,0,
2021-01-13,6073,4024,2119,49,1348,32,476,715017,510609,0,
2021-01-14,5634,3810,2073,43,1224,28,442,720651,514419,0,
2021-01-15,5994,3880,2071,40,1339,30,400,726645,518299,0,
2021-01-16,4690,3155,1687,37,1123,20,288,731335,521454,0,
2021-01-17,4463,2975,1582,38,994,36,325,735798,524429,0,
2021-01-18,5639,3771,1993,40,1232,29,477,741437,528200,0,
2021-01-19,5197,3454,1828,48,1113,12,453,746634,531654,0,
2021-01-20,5034,3365,1832,56,1086,24,367,751668,535019,0,
2021-01-21,4760,3169,1685,30,1036,26,392,756428,538188,0,
2021-01-22,4501,3049,1656,39,1027,18,309,760929,541237,0,
2021-01-23,3927,2650,1434,43,878,15,280,764856,543887,0,
2021-01-24,3486,2334,1250,28,801,11,244,768342,546221,0,
2021-01-25,4616,3004,1607,37,949,18,393,772958,549225,0,
2021-01-26,4071,2647,1415,40,844,8,340,777029,551872,0,
2021-01-27,4145,2768,1512,28,898,15,315,781174,554640,0,
2021-01-28,3849,2489,1331,31,851,16,260,785023,557129,0,
2021-01-29,3743,2437,1293,40,859,14,231,788766,559566,0,
2021-01-30,3139,2073,1069,23,744,10,227,791905,561639,0,
2021-01-31,2847,1873,1047,24,612,18,172,794752,563512,0,
2021-02-01,4086,2680,1352,21,914,15,378,798838,566192,0,
2021-02-02,3608,2359,1269,33,794,10,253,802446,568551,0,
2021-02-03,3536,2294,1222,22,805,10,235,805982,570845,0,
2021-02-04,3346,2181,1157,26,739,13,246,809328,573026,0,
2021-02-05,3365,2203,1142,26,776,16,243,812693,575229,0,
2021-02-06,2784,1861,1032,18,673,7,131,815477,577090,0,
2021-02-07,2629,1735,958,24,603,11,139,818106,578825,0,
2021-02-08,3489,2265,1262,19,755,9,220,821595,581090,0,
2021-02-09,3223,2024,1105,29,700,13,177,824818,583114,0,
2021-02-10,3290,2171,1249,29,755,5,133,828108,585285,0,
2021-02-11,2879,1924,1149,24,609,7,135,830987,587209,0,
2021-02-12,3099,2052,1163,21,690,7,171,834086,589261,0,
2021-02-13,2671,1874,1101,17,597,4,155,836757,591135,0,
2021-02-14,2526,1697,1003,16,566,20,92,839283,592832,0,
2021-02-15,3032,1998,1175,33,660,6,124,842315,594830,0,
2021-02-16,3005,2087,1240,27,644,13,163,845320,596917,0,
2021-02-17,3080,2124,1270,28,645,8,173,848400,599041,0,
2021-02-18,3010,2106,1258,31,614,7,196,851410,601147,0,
2021-02-19,2993,2082,1216,24,673,5,164,854403,603229,0,
2021-02-20,2737,1878,1116,26,603,10,123,857140,605107,0,
2021-02-21,2525,1791,1024,14,621,10,122,859665,606898,0,
2021-02-22,3197,2212,1295,15,703,6,193,862862,609110,0,
2021-02-23,3003,2131,1282,11,683,4,151,865865,611241,0,
2021-02-24,3105,2154,1306,18,657,7,166,868970,613395,0,
2021-02-25,2832,2008,1217,15,626,4,146,871802,615403,0,
2021-02-26,2927,2087,1277,19,623,10,158,874729,617490,0,
2021-02-27,2702,1996,1205,11,613,13,154,877431,619486,0,
2021-02-28,2645,1954,1181,21,602,9,141,880076,621440,0,
2021-03-01,3505,2533,1471,19,823,6,214,883581,623973,0,
2021-03-02,3111,2277,1386,22,691,6,172,886692,626250,0,
2021-03-03,3282,2370,1461,19,724,14,152,889974,628620,0,
2021-03-04,2859,2149,1285,22,682,15,145,892833,630769,0,
2021-03-05,3221,2396,1498,21,706,3,168,896054,633165,0,
2021-03-06,2811,2105,1279,5,657,10,154,898865,635270,0,
2021-03-07,2696,2018,1187,13,681,9,128,901561,637288,0,
2021-03-08,3542,2674,1614,12,828,19,201,905103,639962,0,
2021-03-09,3367,2583,1566,24,777,10,206,908470,642545,0,
2021-03-10,3680,2807,1714,23,822,16,232,912150,645352,0,
2021-03-11,3290,2482,1498,15,753,17,199,915440,647834,0,
2021-03-12,3392,2608,1559,10,794,15,230,918832,650442,0,
2021-03-13,3161,2432,1515,10,738,10,159,921993,652874,0,
2021-03-14,3065,2300,1373,11,738,25,153,925058,655174,0,
2021-03-15,4154,3308,1989,12,1063,17,227,929212,658482,0,
2021-03-16,4003,3118,1915,11,956,13,223,933215,661600,0,
2021-03-17,4399,3532,2227,9,1060,21,215,937614,665132,0,
2021-03-18,4004,3185,2033,12,925,16,199,941618,668317,0,
2021-03-19,4340,3427,2073,12,1088,19,235,945958,671744,0,
2021-03-20,4172,3308,1987,12,1101,8,200,950130,675052,0,
2021-03-21,4197,3325,1953,16,1105,31,220,954327,678377,0,
2021-03-22,5319,4143,2429,20,1397,13,284,959646,682520,0,
2021-03-23,5555,4334,2466,24,1512,24,308,965201,686854,0,
2021-03-24,5607,4476,2674,20,1441,29,312,970808,691330,0,
2021-03-25,5231,4084,2382,17,1366,16,303,976039,695414,0,
2021-03-26,5674,4479,2608,22,1471,25,353,981713,699893,0,
2021-03-27,5364,4223,2460,22,1460,13,268,987077,704116,0,
2021-03-28,5415,4242,2466,17,1446,30,283,992492,708358,0,
2021-03-29,6669,5292,3079,14,1823,22,354,999161,713650,0,
2021-03-30,6729,5285,3096,21,1786,29,353,1005890,718935,0,
2021-03-31,6799,5404,3154,30,1851,19,350,1012689,724339,0,
2021-04-01,7838,6342,3522,37,2204,18,561,1020527,730681,0,
2021-04-02,7153,5697,3299,35,1900,18,445,1027680,736378,0,
2021-04-03,7147,5653,3292,32,1791,16,522,1034827,742031,0,
2021-04-04,7398,5868,3359,29,1985,22,473,1042225,747899,0,
2021-04-05,9585,7706,4343,39,2625,34,665,1051810,755605,0,
2021-04-06,9595,7746,4428,50,2539,24,705,1061405,763351,0,
2021-04-07,9615,7783,4434,43,2566,27,713,1071020,771134,0,
2021-04-08,8979,7272,4084,38,2377,22,751,1079999,778406,0,
2021-04-09,9020,7263,3975,41,2452,41,754,1089019,785669,0,
2021-04-10,8558,7018,3850,41,2384,32,711,1097577,792687,0,
2021-04-11,7809,6330,3451,32,2195,29,623,1105386,799017,0,
2021-04-12,9280,7508,4232,40,2409,35,792,1114666,806525,0,
2021-04-13,8652,7075,3971,32,2298,28,746,1123318,813600,0,
2021-04-14,8784,7224,4024,38,2281,33,848,1132102,820824,0,
2021-04-15,8081,6699,3772,29,2097,20,781,1140183,827523,0,
2021-04-16,8274,6914,3845,23,2335,28,683,1148457,834437,0,
2021-04-17,7875,6579,3718,36,2104,25,696,1156332,841016,0,
2021-04-18,7189,6058,3381,26,1989,35,627,1163521,847074,0,
2021-04-19,8754,7357,4116,36,2376,44,785,1172275,854431,0,
2021-04-20,8267,6973,4048,27,2204,31,663,1180542,861404,0,
2021-04-21,8192,6977,4020,28,2220,56,653,1188734,868381,0,
2021-04-22,7625,6478,3712,18,2106,55,587,1196359,874859,0,
2021-04-23,8063,6922,3943,33,2196,49,701,1204422,881781,0,
2021-04-24,7286,6148,3567,22,1974,22,563,1211708,887929,0,
2021-04-25,6752,5687,3336,21,1838,30,462,1218460,893616,0,
2021-04-26,8189,6944,4018,27,2206,43,650,1226649,900560,0,
2021-04-27,7631,6484,3836,21,1980,19,628,1234280,907044,0,
2021-04-28,8128,6885,3997,27,2146,20,695,1242408,913929,0,
2021-04-29,7120,6024,3554,24,1804,11,631,1249528,919953,0,
2021-04-30,7380,6291,3627,24,1931,35,674,1256908,926244,0,
2021-05-01,7015,6060,3541,18,1981,12,508,1263923,932304,0,
2021-05-02,6114,5249,3174,27,1600,12,436,1270037,937553,0,
2021-05-03,7504,6378,3813,26,2040,19,480,1277541,943931,0,
2021-05-04,6880,5796,3580,22,1777,25,392,1284421,949727,0,
2021-05-05,6745,5753,3515,27,1806,19,386,1291166,955480,0,
2021-05-06,6160,5164,3160,11,1605,14,374,1297326,960644,0,
2021-05-07,6282,5269,3220,18,1671,21,339,1303608,965913,0,
2021-05-08,5602,4730,2896,25,1511,10,288,1309210,970643,0,
2021-05-09,5006,4229,2649,20,1343,5,212,1314216,974872,0,
2021-05-10,6295,5229,3139,26,1686,18,360,1320511,980101,0,
2021-05-11,5480,4551,2754,26,1444,6,321,1325991,984652,0,
2021-05-12,5452,4542,2793,18,1465,6,260,1331443,989194,0,
2021-05-13,4947,4099,2542,18,1291,12,236,1336390,993293,0,
2021-05-14,4899,4051,2414,11,1340,10,276,1341289,997344,0,
2021-05-15,4287,3547,2148,9,1153,9,228,1345576,1000891,0,
2021-05-16,3796,3122,1855,6,1078,11,172,1349372,1004013,0,
2021-05-17,4523,3694,2200,9,1171,13,301,1353895,1007707,0,
2021-05-18,4082,3286,1935,11,1065,6,269,1357977,1010993,0,
2021-05-19,3697,2992,1820,13,966,2,191,1361674,1013985,0,
2021-05-20,3482,2823,1688,8,883,6,238,1365156,1016808,0,
2021-05-21,3263,2633,1572,7,831,7,216,1368419,1019441,0,
2021-05-22,2644,2170,1309,8,713,4,136,1371063,1021611,0,
2021-05-23,2299,1846,1095,1,634,3,113,1373362,1023457,0,
2021-05-24,2412,1945,1160,6,661,2,116,1375774,1025402,0,
2021-05-25,2687,2149,1345,1,664,5,134,1378461,1027551,0,
2021-05-26,2406,1924,1209,7,599,4,105,1380867,1029475,0,
2021-05-27,2227,1792,1154,6,536,5,91,1383094,1031267,0,
2021-05-28,2090,1680,1074,8,507,3,88,1385184,1032947,0,
2021-05-29,1678,1341,826,1,434,7,73,1386862,1034288,0,
2021-05-30,1528,1239,788,6,388,7,50,1388390,1035527,0,
2021-05-31,1975,1576,1034,1,463,6,72,1390365,1037103,0,
2021-06-01,1848,1501,934,8,468,7,84,1392213,1038604,0,
2021-06-02,1727,1373,896,3,415,2,57,1393940,1039977,0,
2021-06-03,1495,1211,789,5,354,4,59,1395435,1041188,0,
2021-06-04,1480,1164,740,3,354,5,62,1396915,1042352,0,
2021-06-05,1224,992,642,3,298,5,44,1398139,1043344,0,
2021-06-06,1103,869,568,0,262,2,37,1399242,1044213,0,
2021-06-07,1436,1141,755,3,324,5,54,1400678,1045354,0,
2021-06-08,1201,950,589,2,295,8,56,1401879,1046304,0,
2021-06-09,1202,954,638,6,236,7,67,1403081,1047258,0,
2021-06-10,1173,916,627,6,220,8,55,1404254,1048174,0,
2021-06-11,1053,817,521,1,232,10,53,1405307,1048991,0,
2021-06-12,907,713,457,4,184,9,59,1406214,1049704,0,
2021-06-13,767,607,376,2,184,2,43,1406981,1050311,0,
2021-06-14,1033,784,513,3,218,13,37,1408014,1051095,0,
2021-06-15,900,691,465,0,192,6,28,1408914,1051786,0,
2021-06-16,840,641,425,1,164,11,40,1409754,1052427,0,
2021-06-17,709,532,358,2,140,6,26,1410463,1052959,0,
2021-06-18,723,566,367,3,149,16,31,1411186,1053525,0,
2021-06-19,563,447,260,0,145,6,36,1411749,1053972,0,
2021-06-20,566,425,251,3,132,5,34,1412315,1054397,0,
2021-06-21,694,549,330,1,166,9,43,1413009,1054946,0,
2021-06-22,659,499,303,2,145,6,43,1413668,1055445,0,
2021-06-23,668,492,315,1,140,4,32,1414336,1055937,0,
2021-06-24,587,453,271,4,131,11,36,1414923,1056390,0,
2021-06-25,530,412,255,3,112,6,36,1415453,1056802,0,
2021-06-26,464,347,208,2,110,7,20,1415917,1057149,0,
2021-06-27,428,313,179,0,99,4,31,1416345,1057462,0,
2021-06-28,550,408,237,1,119,9,42,1416895,1057870,0,
2021-06-29,478,344,168,2,116,12,46,1417373,1058214,0,
2021-06-30,466,375,202,4,113,11,45,1417839,1058589,0,
2021-07-01,406,287,162,3,92,11,19,1418245,1058876,0,
2021-07-02,430,319,168,0,104,4,43,1418675,1059195,0,
2021-07-03,424,331,182,2,114,12,21,1419099,1059526,0,
2021-07-04,395,296,159,2,113,2,20,1419494,1059822,0,
2021-07-05,518,365,209,3,120,5,28,1420012,1060187,0,
2021-07-06,486,359,206,4,121,9,19,1420498,1060546,0,
2021-07-07,415,309,171,4,107,9,18,1420913,1060855,0,
2021-07-08,351,251,137,3,87,9,15,1421264,1061106,0,
2021-07-09,382,272,133,2,102,11,24,1421646,1061378,,
2021-07-10,348,263,137,2,101,13,10,1421994,1061641,,
2021-07-11,335,243,128,0,91,11,13,1422329,1061884,,
2021-07-12,467,357,187,1,141,12,16,1422796,1062241,,
2021-07-13,426,307,155,0,122,5,25,1423222,1062548,,
2021-07-14,480,332,170,0,124,17,21,1423702,1062880,,
2021-07-15,410,293,150,1,113,15,14,1424112,1063173,,
2021-07-16,459,339,177,6,124,14,18,1424571,1063512,,
2021-07-17,394,297,151,6,118,10,12,1424965,1063809,,
2021-07-18,469,336,162,5,142,14,13,1425434,1064145,,
2021-07-19,604,448,216,4,202,12,14,1426038,1064593,,
2021-07-20,669,497,241,9,220,12,15,1426707,1065090,,
2021-07-21,640,479,215,5,237,12,10,1427347,1065569,,
2021-07-22,591,417,203,8,182,12,12,1427938,1065986,,
2021-07-23,615,467,234,4,184,15,30,1428553,1066453,,
2021-07-24,575,434,243,4,170,11,6,1429128,1066887,,
2021-07-25,651,498,243,11,214,16,14,1429779,1067385,,
2021-07-26,866,646,329,6,278,17,16,1430645,1068031,,
2021-07-27,778,581,309,5,236,9,22,1431423,1068612,,
2021-07-28,697,482,254,3,193,11,21,1432120,1069094,,
2021-07-29,628,376,192,5,151,12,16,1432748,1069470,,
2021-07-30,562,329,156,5,131,7,30,1433310,1069799,,
2021-07-31,471,247,122,0,88,5,32,1433781,1070046,,
2021-08-01,386,157,64,0,66,3,24,1434167,1070203,,
2021-08-02,482,141,55,0,50,1,35,1434649,1070344,,
2021-08-03,271,133,26,0,36,2,69,1434920,1070477,,
2021-08-04,107,98,18,0,5,0,75,1435027,1070575,,
2021-08-05,8,8,0,0,0,0,8,1435035,1070583,,