date,new,NTotal_ExposureOnly,domestic-contactWithCase,domestic-contactWithTraveller,domestic-unknown,internationalTravel,infopending,cumulative,cumulativeNTotal_ExposureOnly,doubleFlagTest,shaded
2020-01-15,2,1,0,0,0,1,0,2,1,1,14
2020-01-16,5,5,1,0,4,0,0,7,6,1,
2020-01-17,1,1,0,0,0,1,0,8,7,0,
2020-01-18,0,0,0,0,0,0,0,8,7,0,
2020-01-19,0,0,0,0,0,0,0,8,7,0,
2020-01-20,1,0,0,0,0,0,0,9,7,0,
2020-01-21,4,3,0,0,3,0,0,13,10,0,
2020-01-22,5,5,1,0,2,2,0,18,15,1,
2020-01-23,0,0,0,0,0,0,0,18,15,0,
2020-01-24,3,3,0,0,1,2,0,21,18,0,
2020-01-25,4,4,2,0,2,0,0,25,22,0,
2020-01-26,2,2,1,0,1,0,0,27,24,0,
2020-01-27,7,6,2,0,4,0,0,34,30,0,
2020-01-28,5,4,0,0,3,1,0,39,34,1,
2020-01-29,2,2,0,0,1,0,1,41,36,0,
2020-01-30,2,1,1,0,0,0,0,43,37,0,
2020-01-31,2,1,0,0,1,0,0,45,38,0,
2020-02-01,5,5,3,0,1,1,0,50,43,0,
2020-02-02,3,3,0,0,2,1,0,53,46,0,
2020-02-03,1,1,0,0,1,0,0,54,47,0,
2020-02-04,2,2,0,0,2,0,0,56,49,0,
2020-02-05,3,3,1,0,1,1,0,59,52,0,
2020-02-06,0,0,0,0,0,0,0,59,52,0,
2020-02-07,0,0,0,0,0,0,0,59,52,0,
2020-02-08,1,0,0,0,0,0,0,60,52,0,
2020-02-09,1,1,0,0,0,1,0,61,53,0,
2020-02-10,2,2,0,0,1,1,0,63,55,0,
2020-02-11,2,2,0,0,2,0,0,65,57,0,
2020-02-12,4,3,2,0,1,0,0,69,60,0,
2020-02-13,1,1,0,0,0,1,0,70,61,0,
2020-02-14,6,5,0,0,3,2,0,76,66,0,
2020-02-15,3,2,1,0,0,1,0,79,68,1,
2020-02-16,1,1,0,0,0,1,0,80,69,0,
2020-02-17,2,2,1,0,0,1,0,82,71,0,
2020-02-18,2,2,2,0,0,0,0,84,73,0,
2020-02-19,4,4,2,0,1,1,0,88,77,0,
2020-02-20,9,9,3,1,3,2,0,97,86,0,
2020-02-21,3,3,0,0,1,2,0,100,89,0,
2020-02-22,8,8,2,0,3,3,0,108,97,0,
2020-02-23,22,22,11,0,3,7,1,130,119,0,
2020-02-24,15,14,3,0,2,9,0,145,133,0,
2020-02-25,16,16,4,0,2,10,0,161,149,1,
2020-02-26,14,13,6,1,4,2,0,175,162,0,
2020-02-27,27,26,12,0,7,7,0,202,188,0,
2020-02-28,39,37,17,0,6,14,0,241,225,0,
2020-02-29,27,27,8,0,7,12,0,268,252,0,
2020-03-01,60,60,12,0,27,20,1,328,312,1,
2020-03-02,56,56,8,0,18,30,0,384,368,0,
2020-03-03,55,55,15,0,12,28,0,439,423,0,
2020-03-04,61,59,13,1,15,30,0,500,482,0,
2020-03-05,67,67,12,1,23,31,0,567,549,0,
2020-03-06,86,85,17,2,26,40,0,653,634,0,
2020-03-07,92,92,15,3,30,44,0,745,726,1,
2020-03-08,135,134,27,2,45,60,0,880,860,0,
2020-03-09,224,223,44,10,79,90,0,1104,1083,0,
2020-03-10,256,254,55,9,72,118,0,1360,1337,0,
2020-03-11,295,295,74,11,84,125,1,1655,1632,1,
2020-03-12,389,389,92,9,128,159,1,2044,2021,0,
2020-03-13,467,463,125,8,153,175,2,2511,2484,0,
2020-03-14,469,466,98,15,168,183,2,2980,2950,0,
2020-03-15,604,601,152,10,212,225,2,3584,3551,1,
2020-03-16,848,840,254,10,307,267,2,4432,4391,0,
2020-03-17,871,868,260,16,323,264,5,5303,5259,0,
2020-03-18,972,966,282,20,358,302,4,6275,6225,0,
2020-03-19,812,805,253,13,300,236,3,7087,7030,0,
2020-03-20,1059,1055,363,21,424,238,9,8146,8085,1,
2020-03-21,909,898,320,8,329,237,4,9055,8983,0,
2020-03-22,872,863,320,13,343,185,2,9927,9846,0,
2020-03-23,1097,1081,465,16,418,173,9,11024,10927,0,
2020-03-24,996,988,399,21,390,173,5,12020,11915,0,
2020-03-25,1006,995,449,13,418,108,7,13026,12910,0,
2020-03-26,939,930,449,12,343,117,9,13965,13840,0,
2020-03-27,972,962,482,9,374,84,13,14937,14802,0,
2020-03-28,976,967,472,9,391,84,11,15913,15769,0,
2020-03-29,887,879,461,7,355,50,6,16800,16648,1,
2020-03-30,1180,1173,584,10,489,77,13,17980,17821,0,
2020-03-31,1007,1002,559,3,359,68,13,18987,18823,0,
2020-04-01,1325,1314,756,12,452,84,10,20312,20137,0,
2020-04-02,1194,1189,749,11,375,46,8,21506,21326,0,
2020-04-03,1341,1330,887,6,375,53,9,22847,22656,0,
2020-04-04,1173,1170,744,9,369,29,19,24020,23826,0,
2020-04-05,1080,1076,679,5,371,13,8,25100,24902,0,
2020-04-06,1442,1439,886,11,515,14,13,26542,26341,0,
2020-04-07,1308,1304,792,13,470,16,13,27850,27645,0,
2020-04-08,1406,1402,883,10,489,6,14,29256,29047,0,
2020-04-09,1507,1504,968,14,494,4,24,30763,30551,0,
2020-04-10,1811,1810,1137,19,624,6,24,32574,32361,0,
2020-04-11,1716,1714,973,11,687,4,39,34290,34075,1,
2020-04-12,1446,1445,887,16,508,7,27,35736,35520,0,
2020-04-13,2129,2129,1169,33,890,6,31,37865,37649,0,
2020-04-14,1821,1820,1096,21,668,2,33,39686,39469,0,
2020-04-15,1962,1958,1232,22,675,4,25,41648,41427,0,
2020-04-16,1962,1959,1105,19,779,1,55,43610,43386,0,
2020-04-17,1861,1858,1104,17,700,3,34,45471,45244,0,
2020-04-18,1620,1617,1043,20,524,3,27,47091,46861,0,
2020-04-19,1231,1229,743,15,456,4,11,48322,48090,0,
2020-04-20,1845,1841,1080,10,714,2,35,50167,49931,0,
2020-04-21,1412,1412,842,13,522,6,29,51579,51343,0,
2020-04-22,1571,1569,910,13,615,1,30,53150,52912,0,
2020-04-23,1583,1578,917,18,606,5,32,54733,54490,0,
2020-04-24,1539,1536,930,11,550,2,43,56272,56026,0,
2020-04-25,1406,1401,823,14,477,5,82,57678,57427,0,
2020-04-26,1317,1315,790,13,466,4,42,58995,58742,0,
2020-04-27,1657,1651,952,12,642,5,40,60652,60393,0,
2020-04-28,1532,1523,929,18,547,6,23,62184,61916,0,
2020-04-29,1488,1486,807,4,658,2,15,63672,63402,0,
2020-04-30,1471,1466,828,4,614,3,17,65143,64868,0,
2020-05-01,1593,1591,894,8,666,4,19,66736,66459,0,
2020-05-02,1071,1069,658,8,383,0,20,67807,67528,0,
2020-05-03,1022,1021,621,6,379,5,10,68829,68549,1,
2020-05-04,1363,1362,775,6,558,2,21,70192,69911,0,
2020-05-05,1300,1298,728,6,537,1,26,71492,71209,0,
2020-05-06,1128,1127,661,8,438,2,18,72620,72336,0,
2020-05-07,1178,1173,712,4,433,6,18,73798,73509,0,
2020-05-08,1185,1182,701,7,458,1,15,74983,74691,0,
2020-05-09,1024,1021,635,8,356,4,18,76007,75712,0,
2020-05-10,920,918,542,7,353,5,11,76927,76630,0,
2020-05-11,1224,1224,728,8,450,7,31,78151,77854,0,
2020-05-12,1166,1164,719,2,417,6,20,79317,79018,0,
2020-05-13,1105,1102,650,3,430,3,16,80422,80120,0,
2020-05-14,1160,1160,685,3,453,5,14,81582,81280,0,
2020-05-15,1216,1216,711,0,481,11,13,82798,82496,0,
2020-05-16,996,995,601,2,377,2,13,83794,83491,0,
2020-05-17,913,912,537,2,352,8,13,84707,84403,0,
2020-05-18,1091,1085,617,2,454,5,7,85798,85488,0,
2020-05-19,962,961,583,3,363,4,8,86760,86449,0,
2020-05-20,1123,1120,651,2,455,1,11,87883,87569,0,
2020-05-21,885,884,547,2,318,6,11,88768,88453,0,
2020-05-22,841,839,513,0,319,5,2,89609,89292,0,
2020-05-23,691,690,441,1,238,4,6,90300,89982,0,
2020-05-24,651,649,400,0,234,4,11,90951,90631,0,
2020-05-25,857,857,508,3,325,4,17,91808,91488,0,
2020-05-26,747,747,458,1,275,7,6,92555,92235,0,
2020-05-27,714,710,425,2,271,2,10,93269,92945,0,
2020-05-28,596,595,361,2,218,2,12,93865,93540,0,
2020-05-29,730,729,444,0,277,3,5,94595,94269,0,
2020-05-30,565,562,397,2,160,1,2,95160,94831,0,
2020-05-31,407,406,258,0,139,3,6,95567,95237,0,
2020-06-01,687,686,395,6,256,6,23,96254,95923,0,
2020-06-02,493,489,320,1,159,5,4,96747,96412,0,
2020-06-03,492,491,321,4,153,4,9,97239,96903,0,
2020-06-04,461,460,265,1,177,11,6,97700,97363,0,
2020-06-05,445,441,311,0,124,3,3,98145,97804,0,
2020-06-06,371,369,234,1,127,4,3,98516,98173,0,
2020-06-07,313,307,212,0,89,1,5,98829,98480,0,
2020-06-08,432,428,289,6,118,10,5,99261,98908,0,
2020-06-09,374,372,244,3,116,4,5,99635,99280,0,
2020-06-10,441,439,259,5,156,10,9,100076,99719,0,
2020-06-11,376,369,242,3,116,5,3,100452,100088,0,
2020-06-12,375,371,224,5,133,6,3,100827,100459,0,
2020-06-13,276,274,180,1,86,5,2,101103,100733,0,
2020-06-14,300,296,186,0,98,9,3,101403,101029,0,
2020-06-15,400,395,242,4,138,7,4,101803,101424,0,
2020-06-16,367,363,234,2,112,10,5,102170,101787,0,
2020-06-17,363,358,228,0,120,6,4,102533,102145,0,
2020-06-18,329,326,198,1,119,4,4,102862,102471,0,
2020-06-19,335,335,231,0,89,11,4,103197,102806,0,
2020-06-20,284,283,186,0,88,8,1,103481,103089,0,
2020-06-21,270,268,175,0,86,4,3,103751,103357,0,
2020-06-22,323,320,211,2,99,4,4,104074,103677,0,
2020-06-23,327,326,219,2,92,6,7,104401,104003,0,
2020-06-24,285,285,183,2,87,9,4,104686,104288,0,
2020-06-25,463,461,326,2,122,5,6,105149,104749,0,
2020-06-26,276,273,170,0,86,11,6,105425,105022,0,
2020-06-27,251,250,165,1,74,7,3,105676,105272,0,
2020-06-28,238,235,135,1,89,9,1,105914,105507,0,
2020-06-29,332,329,198,2,108,10,11,106246,105836,0,
2020-06-30,309,302,197,4,96,2,3,106555,106138,0,
2020-07-01,287,276,177,8,85,5,1,106842,106414,0,
2020-07-02,268,260,161,1,85,6,7,107110,106674,0,
2020-07-03,305,295,184,2,93,13,3,107415,106969,0,
2020-07-04,292,283,173,3,96,10,1,107707,107252,0,
2020-07-05,271,271,177,3,84,6,1,107978,107523,0,
2020-07-06,502,494,268,2,179,17,28,108480,108017,0,
2020-07-07,519,510,264,6,211,19,10,108999,108527,0,
2020-07-08,440,427,279,4,129,10,5,109439,108954,0,
2020-07-09,449,433,268,3,141,12,9,109888,109387,0,
2020-07-10,412,396,258,5,114,14,5,110300,109783,0,
2020-07-11,384,380,228,3,135,12,2,110684,110163,0,
2020-07-12,397,388,236,3,141,6,2,111081,110551,0,
2020-07-13,606,585,359,12,199,12,3,111687,111136,0,
2020-07-14,546,517,299,4,194,13,7,112233,111653,0,
2020-07-15,566,541,311,3,196,16,15,112799,112194,0,
2020-07-16,459,437,259,4,154,17,3,113258,112631,0,
2020-07-17,503,484,272,6,188,7,11,113761,113115,0,
2020-07-18,409,390,228,2,146,7,7,114170,113505,0,
2020-07-19,392,380,202,4,160,12,2,114562,113885,0,
2020-07-20,526,497,264,6,208,14,5,115088,114382,0,
2020-07-21,522,510,266,10,223,6,5,115610,114892,0,
2020-07-22,446,433,181,6,232,10,4,116056,115325,0,
2020-07-23,445,423,173,3,234,7,6,116501,115748,0,
2020-07-24,458,443,181,7,243,5,7,116959,116191,0,
2020-07-25,307,303,108,4,182,6,3,117266,116494,0,
2020-07-26,332,325,102,6,205,10,2,117598,116819,0,
2020-07-27,471,457,176,3,260,14,4,118069,117276,0,
2020-07-28,416,404,154,1,230,14,5,118485,117680,0,
2020-07-29,403,396,138,1,250,3,4,118888,118076,0,
2020-07-30,330,316,109,1,190,6,10,119218,118392,0,
2020-07-31,339,330,120,0,194,10,6,119557,118722,0,
2020-08-01,340,331,114,8,184,17,8,119897,119053,0,
2020-08-02,331,322,123,6,185,6,2,120228,119375,0,
2020-08-03,428,424,161,2,250,10,1,120656,119799,0,
2020-08-04,446,431,186,0,218,20,7,121102,120230,0,
2020-08-05,380,374,170,9,184,8,3,121482,120604,0,
2020-08-06,344,333,161,4,156,7,5,121826,120937,0,
2020-08-07,385,381,189,2,172,6,12,122211,121318,0,
2020-08-08,333,330,151,4,169,2,4,122544,121648,0,
2020-08-09,322,314,150,7,147,7,3,122866,121962,0,
2020-08-10,472,468,215,8,229,12,4,123338,122430,0,
2020-08-11,472,440,217,5,207,10,1,123810,122870,0,
2020-08-12,406,395,211,11,158,12,3,124216,123265,0,
2020-08-13,422,413,222,8,171,10,2,124638,123678,0,
2020-08-14,374,372,175,7,178,9,3,125012,124050,0,
2020-08-15,366,363,171,7,172,7,6,125378,124413,0,
2020-08-16,379,373,167,14,185,4,3,125757,124786,0,
2020-08-17,542,538,262,11,251,7,7,126299,125324,0,
2020-08-18,424,419,205,4,194,4,12,126723,125743,0,
2020-08-19,445,437,207,9,206,5,10,127168,126180,0,
2020-08-20,440,438,222,5,194,4,13,127608,126618,0,
2020-08-21,421,417,206,9,188,5,9,128029,127035,0,
2020-08-22,394,393,225,7,153,5,3,128423,127428,0,
2020-08-23,403,400,203,3,187,6,1,128826,127828,0,
2020-08-24,572,569,266,15,272,7,9,129398,128397,0,
2020-08-25,612,604,293,12,288,10,1,130010,129001,0,
2020-08-26,612,604,286,13,295,5,5,130622,129605,0,
2020-08-27,482,478,230,11,224,3,10,131104,130083,0,
2020-08-28,556,551,262,11,264,6,8,131660,130634,0,
2020-08-29,456,454,206,10,215,5,18,132116,131088,0,
2020-08-30,555,547,242,4,277,7,17,132671,131635,0,
2020-08-31,645,638,260,11,341,9,17,133316,132273,0,
2020-09-01,744,740,301,18,390,7,24,134060,133013,0,
2020-09-02,776,766,333,12,389,8,24,134836,133779,0,
2020-09-03,658,653,267,5,362,4,15,135494,134432,0,
2020-09-04,719,714,287,9,395,10,13,136213,135146,0,
2020-09-05,666,662,254,9,374,9,16,136879,135808,0,
2020-09-06,685,675,269,4,389,8,5,137564,136483,0,
2020-09-07,787,778,299,9,449,9,12,138351,137261,1,
2020-09-08,956,948,352,14,556,10,16,139307,138209,0,
2020-09-09,1007,998,376,12,587,4,19,140314,139207,0,
2020-09-10,999,987,378,6,564,9,30,141313,140194,0,
2020-09-11,972,961,358,10,569,9,15,142285,141155,0,
2020-09-12,975,967,390,8,549,3,17,143260,142122,0,
2020-09-13,966,961,344,8,591,6,12,144226,143083,0,
2020-09-14,1258,1250,478,14,724,7,27,145484,144333,0,
2020-09-15,1312,1295,449,10,796,3,37,146796,145628,0,
2020-09-16,1356,1340,494,22,795,4,25,148152,146968,0,
2020-09-17,1327,1310,480,21,777,6,26,149479,148278,0,
2020-09-18,1425,1414,521,8,850,1,34,150904,149692,0,
2020-09-19,1235,1217,393,18,782,6,18,152139,150909,0,
2020-09-20,1357,1343,419,12,867,9,36,153496,152252,0,
2020-09-21,1815,1795,561,16,1159,6,53,155311,154047,0,
2020-09-22,1859,1836,523,13,1244,7,49,157170,155883,0,
2020-09-23,1906,1894,557,15,1230,2,90,159076,157777,0,
2020-09-24,1955,1935,526,9,1305,2,93,161031,159712,0,
2020-09-25,2048,2029,563,20,1341,9,96,163079,161741,0,
2020-09-26,1879,1865,505,7,1252,4,97,164958,163606,0,
2020-09-27,1966,1948,479,10,1333,6,120,166924,165554,0,
2020-09-28,2475,2446,625,16,1668,3,134,169399,168000,0,
2020-09-29,2266,2251,552,23,1530,3,143,171665,170251,0,
2020-09-30,2253,2235,564,16,1545,1,109,173918,172486,0,
2020-10-01,2164,2153,585,9,1457,9,93,176082,174639,0,
2020-10-02,2131,2101,548,17,1422,9,105,178213,176740,0,
2020-10-03,1824,1793,474,19,1200,10,90,180037,178533,0,
2020-10-04,1840,1814,508,14,1210,4,78,181877,180347,0,
2020-10-05,2441,2401,677,20,1591,4,109,184318,182748,0,
2020-10-06,2322,2270,677,31,1430,10,122,186640,185018,0,
2020-10-07,2275,2239,689,20,1413,9,108,188915,187257,0,
2020-10-08,2234,2201,655,14,1417,10,105,191149,189458,0,
2020-10-09,2300,2254,655,18,1462,7,112,193449,191712,0,
2020-10-10,2170,2139,683,17,1350,7,82,195619,193851,0,
2020-10-11,1910,1874,604,17,1155,5,93,197529,195725,0,
2020-10-12,2335,2289,717,19,1451,8,94,199864,198014,0,
2020-10-13,2572,2515,864,22,1514,9,106,202436,200529,0,
2020-10-14,2513,2465,880,27,1449,7,102,204949,202994,0,
2020-10-15,2567,2517,841,24,1543,9,100,207516,205511,0,
2020-10-16,2659,2603,894,19,1580,4,106,210175,208114,0,
2020-10-17,2301,2254,817,25,1300,6,106,212476,210368,0,
2020-10-18,2232,2171,804,13,1250,12,92,214708,212539,0,
2020-10-19,2956,2868,1122,22,1596,7,121,217664,215407,0,
2020-10-20,2823,2754,1101,27,1466,9,151,220487,218161,0,
2020-10-21,2789,2700,1009,33,1500,9,149,223276,220861,0,
2020-10-22,2799,2686,1093,21,1442,2,128,226075,223547,0,
2020-10-23,2825,2713,1048,31,1494,7,133,228900,226260,0,
2020-10-24,2643,2553,1038,34,1321,10,150,231543,228813,0,
2020-10-25,2642,2520,1026,31,1341,7,115,234185,231333,0,
2020-10-26,3391,3258,1268,23,1763,10,194,237576,234591,0,
2020-10-27,3351,3191,1350,36,1634,9,162,240927,237782,0,
2020-10-28,3623,3489,1432,38,1812,9,198,244550,241271,0,
2020-10-29,3097,2952,1255,33,1535,7,122,247647,244223,0,
2020-10-30,3524,3374,1333,44,1833,10,154,251171,247597,0,
2020-10-31,3153,3023,1354,32,1490,8,139,254324,250620,0,
2020-11-01,3446,3297,1383,33,1725,8,148,257770,253917,0,
2020-11-02,4569,4327,1850,43,2231,7,196,262339,258244,0,
2020-11-03,4496,4280,1801,34,2154,15,276,266835,262524,0,
2020-11-04,4615,4392,1916,48,2223,7,198,271450,266916,0,
2020-11-05,4540,4326,1755,34,2247,8,282,275990,271242,0,
2020-11-06,4615,4391,1808,22,2305,10,246,280605,275633,0,
2020-11-07,4306,4110,1530,17,2344,9,210,284911,279743,0,
2020-11-08,4029,3829,1454,13,2180,8,174,288940,283572,0,
2020-11-09,5292,5025,1824,26,2915,14,246,294232,288597,0,
2020-11-10,5131,4816,1739,19,2810,14,234,299363,293413,0,
2020-11-11,4939,4686,1821,26,2617,9,213,304302,298099,0,
2020-11-12,5040,4783,1709,19,2814,12,229,309342,302882,0,
2020-11-13,5182,4937,1784,17,2899,16,221,314524,307819,0,
2020-11-14,4532,4301,1693,11,2406,13,178,319056,312120,0,
2020-11-15,4459,4186,1638,22,2359,18,149,323515,316306,0,
2020-11-16,5597,5291,2038,17,3047,21,168,329112,321597,0,
2020-11-17,5414,5120,1913,19,2951,13,224,334526,326717,0,
2020-11-18,5648,5360,2104,28,3026,12,190,340174,332077,0,
2020-11-19,5496,5195,1865,24,3080,16,210,345670,337272,0,
2020-11-20,5522,5234,1981,30,2997,15,211,351192,342506,0,
2020-11-21,5069,4824,1825,23,2792,15,169,356261,347330,0,
2020-11-22,4855,4637,1760,26,2650,22,179,361116,351967,0,
2020-11-23,6327,5998,2264,35,3441,16,242,367443,357965,0,
2020-11-24,6228,5885,2192,31,3391,10,261,373671,363850,0,
2020-11-25,6387,6093,2187,28,3547,15,316,380058,369943,0,
2020-11-26,6100,5863,2147,30,3469,17,200,386158,375806,0,
2020-11-27,6241,5985,2092,34,3625,18,216,392399,381791,0,
2020-11-28,5586,5363,1989,23,3058,15,278,397985,387154,0,
2020-11-29,5410,5163,1715,31,3167,15,235,403395,392317,0,
2020-11-30,6912,6644,2309,37,4005,21,272,410307,398961,0,
2020-12-01,6772,6496,2336,21,3875,7,257,417079,405457,0,
2020-12-02,6696,6441,2149,38,3983,13,258,423775,411898,0,
2020-12-03,6700,6393,2188,34,3863,17,291,430475,418291,0,
2020-12-04,6792,6459,2202,41,3934,10,272,437267,424750,0,
2020-12-05,5822,5564,1843,39,3420,12,250,443089,430314,0,
2020-12-06,5797,5539,1927,34,3289,31,258,448886,435853,0,
2020-12-07,7649,7285,2519,48,4345,26,347,456535,443138,0,
2020-12-08,7172,6914,2281,40,4218,16,359,463707,450052,0,
2020-12-09,6905,6631,2226,31,3984,19,371,470612,456683,0,
2020-12-10,6844,6579,2112,46,4052,24,345,477456,463262,0,
2020-12-11,6828,6596,2130,50,4040,22,354,484284,469858,0,
2020-12-12,6159,5941,1868,43,3689,24,317,490443,475799,0,
2020-12-13,5522,5318,1748,27,3249,16,278,495965,481117,0,
2020-12-14,7669,7390,2323,42,4532,29,464,503634,488507,0,
2020-12-15,7211,6941,2139,33,4323,17,429,510845,495448,0,
2020-12-16,6871,6639,2103,47,4055,9,425,517716,502087,0,
2020-12-17,6637,6404,1901,36,4032,26,409,524353,508491,0,
2020-12-18,6907,6704,2019,53,4178,20,434,531260,515195,0,
2020-12-19,5892,5749,1773,41,3618,17,300,537152,520944,0,
2020-12-20,5881,5735,1826,32,3552,20,305,543033,526679,0,
2020-12-21,7571,7321,2222,41,4572,16,470,550604,534000,0,
2020-12-22,7111,6896,2160,44,4254,22,416,557715,540896,0,
2020-12-23,7383,7179,2273,49,4383,30,444,565098,548075,0,
2020-12-24,6877,6755,2129,43,4168,14,401,571975,554830,0,
2020-12-25,5695,5590,1819,52,3430,15,274,577670,560420,0,
2020-12-26,7595,7417,2569,58,4421,24,345,585265,567837,0,
2020-12-27,7540,7387,2683,68,4245,19,372,592805,575224,0,
2020-12-28,8933,8695,3019,52,5148,25,451,601738,583919,0,
2020-12-29,8129,7888,2821,72,4533,16,446,609867,591807,0,
2020-12-30,7833,7583,2659,59,4359,39,467,617700,599390,0,
2020-12-31,7421,7196,2618,57,4079,15,427,625121,606586,0,
2021-01-01,6791,6622,2384,40,3809,27,362,631912,613208,0,
2021-01-02,7500,7294,2760,69,3989,43,433,639412,620502,0,
2021-01-03,7288,7066,2556,61,4020,48,381,646700,627568,0,
2021-01-04,8911,8598,3102,69,4842,32,553,655611,636166,0,
2021-01-05,7768,7496,2808,64,4096,48,480,663379,643662,0,
2021-01-06,7703,7411,2661,59,4088,53,550,671082,651073,0,
2021-01-07,6877,6632,2367,54,3684,37,490,677959,657705,0,
2021-01-08,6744,6505,2359,58,3561,39,488,684703,664210,0,
2021-01-09,5970,5802,2072,54,3233,40,403,690673,670012,0,
2021-01-10,5568,5403,1950,58,2987,29,379,696241,675415,0,
2021-01-11,6873,6548,2489,59,3464,36,500,703114,681963,0,
2021-01-12,6075,5805,2171,71,3086,30,447,709189,687768,0,
2021-01-13,6073,5854,2119,49,3178,32,476,715262,693622,0,
2021-01-14,5635,5400,2073,43,2814,28,442,720897,699022,0,
2021-01-15,5997,5703,2071,40,3162,30,400,726894,704725,0,
2021-01-16,4691,4530,1687,37,2499,20,287,731585,709255,0,
2021-01-17,4464,4325,1583,38,2343,36,325,736049,713580,0,
2021-01-18,5638,5380,1994,40,2840,29,477,741687,718960,0,
2021-01-19,5195,4971,1829,48,2629,12,453,746882,723931,0,
2021-01-20,5036,4790,1831,56,2512,24,367,751918,728721,0,
2021-01-21,4761,4569,1685,30,2436,26,392,756679,733290,0,
2021-01-22,4501,4304,1657,39,2282,18,308,761180,737594,0,
2021-01-23,3929,3793,1434,43,2021,15,280,765109,741387,0,
2021-01-24,3486,3345,1251,28,1812,11,243,768595,744732,0,
2021-01-25,4616,4399,1607,37,2344,18,393,773211,749131,0,
2021-01-26,4078,3885,1415,40,2081,8,341,777289,753016,0,
2021-01-27,4146,3942,1512,28,2072,15,315,781435,756958,0,
2021-01-28,3847,3648,1331,31,2009,16,261,785282,760606,0,
2021-01-29,3743,3560,1293,40,1982,14,231,789025,764166,0,
2021-01-30,3139,3003,1069,23,1674,10,227,792164,767169,0,
2021-01-31,2850,2713,1047,24,1452,18,172,795014,769882,0,
2021-02-01,4090,3805,1352,21,2039,15,378,799104,773687,0,
2021-02-02,3611,3335,1269,33,1771,10,252,802715,777022,0,
2021-02-03,3535,3209,1222,22,1720,10,235,806250,780231,0,
2021-02-04,3344,2981,1157,26,1539,13,246,809594,783212,0,
2021-02-05,3363,2792,1142,26,1365,16,243,812957,786004,0,
2021-02-06,2787,2149,1032,18,961,7,131,815744,788153,0,
2021-02-07,2629,1775,959,24,643,11,138,818373,789928,0,
2021-02-08,3490,2266,1262,19,756,9,220,821863,792194,0,
2021-02-09,3229,2025,1106,29,700,13,177,825092,794219,0,
2021-02-10,3291,2170,1248,29,755,5,133,828383,796389,0,
2021-02-11,2880,1924,1149,24,609,7,135,831263,798313,0,
2021-02-12,3101,2052,1163,21,690,7,171,834364,800365,0,
2021-02-13,2672,1875,1101,17,598,4,155,837036,802240,0,
2021-02-14,2528,1697,1003,16,567,20,91,839564,803937,0,
2021-02-15,3034,1999,1175,33,660,6,125,842598,805936,0,
2021-02-16,3005,2087,1240,27,644,13,163,845603,808023,0,
2021-02-17,3083,2124,1269,28,646,8,173,848686,810147,0,
2021-02-18,3011,2106,1259,31,614,7,195,851697,812253,0,
2021-02-19,2989,2082,1216,24,673,5,164,854686,814335,0,
2021-02-20,2739,1878,1116,26,603,10,123,857425,816213,0,
2021-02-21,2526,1791,1024,14,621,10,122,859951,818004,0,
2021-02-22,3200,2212,1296,15,703,6,192,863151,820216,0,
2021-02-23,3008,2131,1282,11,683,4,151,866159,822347,0,
2021-02-24,3106,2154,1306,18,657,7,166,869265,824501,0,
2021-02-25,2832,2008,1217,15,626,4,146,872097,826509,0,
2021-02-26,2932,2087,1278,19,624,10,156,875029,828596,0,
2021-02-27,2702,1996,1206,11,613,13,153,877731,830592,0,
2021-02-28,2645,1954,1181,21,602,9,141,880376,832546,0,
2021-03-01,3506,2535,1472,19,824,6,214,883882,835081,0,
2021-03-02,3114,2278,1386,22,692,6,172,886996,837359,0,
2021-03-03,3285,2371,1461,19,726,14,151,890281,839730,0,
2021-03-04,2859,2149,1286,22,681,15,145,893140,841879,0,
2021-03-05,3221,2396,1498,21,706,3,168,896361,844275,0,
2021-03-06,2810,2106,1280,5,659,10,152,899171,846381,0,
2021-03-07,2697,2018,1187,13,682,9,127,901868,848399,0,
2021-03-08,3542,2673,1614,12,828,19,200,905410,851072,0,
2021-03-09,3369,2583,1566,24,776,10,207,908779,853655,0,
2021-03-10,3680,2807,1714,23,824,16,230,912459,856462,0,
2021-03-11,3293,2482,1498,15,753,17,199,915752,858944,0,
2021-03-12,3397,2609,1560,10,795,15,229,919149,861553,0,
2021-03-13,3162,2431,1514,10,742,10,155,922311,863984,0,
2021-03-14,3066,2300,1372,11,741,25,151,925377,866284,0,
2021-03-15,4152,3308,1990,12,1064,17,225,929529,869592,0,
2021-03-16,4003,3118,1915,11,958,13,221,933532,872710,0,
2021-03-17,4399,3533,2227,9,1061,21,215,937931,876243,0,
2021-03-18,4009,3185,2033,12,927,16,197,941940,879428,0,
2021-03-19,4342,3425,2074,12,1088,19,232,946282,882853,0,
2021-03-20,4176,3307,1986,12,1102,8,199,950458,886160,0,
2021-03-21,4200,3326,1953,16,1107,31,219,954658,889486,0,
2021-03-22,5307,4143,2429,20,1397,13,284,959965,893629,0,
2021-03-23,5550,4333,2465,24,1514,24,306,965515,897962,0,
2021-03-24,5603,4474,2673,20,1441,29,311,971118,902436,0,
2021-03-25,5231,4084,2382,17,1367,16,302,976349,906520,0,
2021-03-26,5665,4479,2608,22,1473,25,351,982014,910999,0,
2021-03-27,5366,4222,2459,22,1460,13,268,987380,915221,0,
2021-03-28,5416,4241,2466,17,1447,30,281,992796,919462,0,
2021-03-29,6663,5291,3080,14,1823,22,352,999459,924753,0,
2021-03-30,6726,5286,3096,21,1788,29,352,1006185,930039,0,
2021-03-31,6784,5404,3154,30,1854,19,347,1012969,935443,0,
2021-04-01,7836,6341,3523,37,2203,18,560,1020805,941784,0,
2021-04-02,7154,5695,3298,35,1903,18,441,1027959,947479,0,
2021-04-03,7144,5653,3292,32,1792,16,521,1035103,953132,0,
2021-04-04,7395,5865,3356,29,1987,22,471,1042498,958997,0,
2021-04-05,9578,7707,4343,39,2625,34,666,1052076,966704,0,
2021-04-06,9590,7745,4427,50,2541,24,703,1061666,974449,0,
2021-04-07,9613,7782,4433,43,2567,27,712,1071279,982231,0,
2021-04-08,8977,7273,4084,38,2378,22,751,1080256,989504,0,
2021-04-09,9017,7260,3972,41,2456,41,750,1089273,996764,0,
2021-04-10,8552,7018,3851,41,2386,32,708,1097825,1003782,0,
2021-04-11,7804,6329,3450,32,2195,29,623,1105629,1010111,0,
2021-04-12,9277,7508,4234,40,2410,35,789,1114906,1017619,0,
2021-04-13,8651,7074,3970,32,2299,28,745,1123557,1024693,0,
2021-04-14,8786,7224,4023,38,2283,33,847,1132343,1031917,0,
2021-04-15,8077,6700,3772,29,2099,20,780,1140420,1038617,0,
2021-04-16,8267,6914,3845,23,2337,28,681,1148687,1045531,0,
2021-04-17,7873,6577,3718,36,2103,25,695,1156560,1052108,0,
2021-04-18,7183,6059,3382,26,1991,35,625,1163743,1058167,0,
2021-04-19,8755,7357,4115,36,2383,44,779,1172498,1065524,0,
2021-04-20,8262,6972,4048,27,2204,31,662,1180760,1072496,0,
2021-04-21,8184,6977,4020,28,2222,56,651,1188944,1079473,0,
2021-04-22,7620,6478,3712,18,2107,55,586,1196564,1085951,0,
2021-04-23,8058,6919,3940,33,2199,49,698,1204622,1092870,0,
2021-04-24,7283,6146,3565,22,1975,22,562,1211905,1099016,0,
2021-04-25,6751,5689,3334,21,1840,31,463,1218656,1104705,0,
2021-04-26,8181,6942,4018,27,2205,43,649,1226837,1111647,0,
2021-04-27,7634,6482,3833,21,1983,19,626,1234471,1118129,0,
2021-04-28,8118,6877,3993,27,2144,20,693,1242589,1125006,0,
2021-04-29,7114,6024,3554,24,1805,11,630,1249703,1131030,0,
2021-04-30,7373,6286,3622,24,1932,35,673,1257076,1137316,0,
2021-05-01,7012,6060,3540,18,1984,12,506,1264088,1143376,0,
2021-05-02,6114,5249,3173,27,1602,12,435,1270202,1148625,0,
2021-05-03,7507,6378,3812,26,2046,19,475,1277709,1155003,0,
2021-05-04,6872,5795,3580,22,1778,25,390,1284581,1160798,0,
2021-05-05,6728,5753,3514,27,1807,19,386,1291309,1166551,0,
2021-05-06,6156,5163,3161,11,1604,14,373,1297465,1171714,0,
2021-05-07,6273,5269,3220,18,1671,21,339,1303738,1176983,0,
2021-05-08,5598,4730,2897,25,1514,10,284,1309336,1181713,0,
2021-05-09,5008,4229,2649,20,1345,5,210,1314344,1185942,0,
2021-05-10,6285,5227,3137,26,1687,18,359,1320629,1191169,0,
2021-05-11,5477,4551,2753,26,1447,6,319,1326106,1195720,0,
2021-05-12,5443,4542,2793,18,1466,6,259,1331549,1200262,0,
2021-05-13,4948,4100,2544,18,1292,12,234,1336497,1204362,0,
2021-05-14,4883,4051,2414,11,1343,10,273,1341380,1208413,0,
2021-05-15,4286,3549,2147,9,1156,9,228,1345666,1211962,0,
2021-05-16,3789,3122,1855,6,1078,11,172,1349455,1215084,0,
2021-05-17,4522,3696,2201,8,1172,13,302,1353977,1218780,0,
2021-05-18,4079,3286,1936,11,1066,6,267,1358056,1222066,0,
2021-05-19,3695,2991,1819,13,966,2,191,1361751,1225057,0,
2021-05-20,3482,2822,1684,8,885,6,239,1365233,1227879,0,
2021-05-21,3256,2633,1572,7,831,7,216,1368489,1230512,0,
2021-05-22,2637,2170,1306,8,713,4,139,1371126,1232682,0,
2021-05-23,2302,1846,1095,1,634,3,113,1373428,1234528,0,
2021-05-24,2409,1944,1160,6,661,2,115,1375837,1236472,0,
2021-05-25,2683,2148,1343,1,664,5,135,1378520,1238620,0,
2021-05-26,2404,1925,1209,7,601,4,104,1380924,1240545,0,
2021-05-27,2221,1789,1152,6,535,5,91,1383145,1242334,0,
2021-05-28,2091,1673,1073,3,506,3,88,1385236,1244007,0,
2021-05-29,1675,1340,825,1,434,7,73,1386911,1245347,0,
2021-05-30,1529,1238,788,6,387,7,50,1388440,1246585,0,
2021-05-31,1973,1577,1033,1,463,6,74,1390413,1248162,0,
2021-06-01,1846,1501,933,8,469,7,84,1392259,1249663,0,
2021-06-02,1724,1373,896,3,414,2,58,1393983,1251036,0,
2021-06-03,1495,1212,788,5,356,4,59,1395478,1252248,0,
2021-06-04,1482,1154,730,3,353,5,63,1396960,1253402,0,
2021-06-05,1224,991,640,3,299,5,44,1398184,1254393,0,
2021-06-06,1097,865,563,0,264,2,36,1399281,1255258,0,
2021-06-07,1439,1135,749,3,324,5,54,1400720,1256393,0,
2021-06-08,1200,946,586,2,295,8,55,1401920,1257339,0,
2021-06-09,1202,953,637,6,236,7,67,1403122,1258292,0,
2021-06-10,1171,911,624,6,219,8,54,1404293,1259203,0,
2021-06-11,1051,817,521,1,233,10,52,1405344,1260020,0,
2021-06-12,904,712,455,4,184,9,60,1406248,1260732,0,
2021-06-13,765,605,375,2,183,2,43,1407013,1261337,0,
2021-06-14,1030,782,509,3,219,13,38,1408043,1262119,0,
2021-06-15,900,688,462,0,194,6,26,1408943,1262807,0,
2021-06-16,846,637,421,1,164,11,40,1409789,1263444,0,
2021-06-17,711,531,357,2,141,6,25,1410500,1263975,0,
2021-06-18,723,565,366,3,149,16,31,1411223,1264540,0,
2021-06-19,562,446,259,0,145,6,36,1411785,1264986,0,
2021-06-20,561,425,250,3,132,5,35,1412346,1265411,0,
2021-06-21,691,547,328,1,166,9,43,1413037,1265958,0,
2021-06-22,658,499,303,2,147,6,41,1413695,1266457,0,
2021-06-23,659,492,315,1,140,4,32,1414354,1266949,0,
2021-06-24,575,451,269,4,131,11,36,1414929,1267400,0,
2021-06-25,519,409,253,1,112,6,37,1415448,1267809,0,
2021-06-26,455,346,208,2,109,7,20,1415903,1268155,0,
2021-06-27,420,310,177,0,99,4,30,1416323,1268465,0,
2021-06-28,538,401,235,1,114,9,42,1416861,1268866,0,
2021-06-29,464,343,168,2,116,12,45,1417325,1269209,0,
2021-06-30,447,371,201,4,111,10,45,1417772,1269580,0,
2021-07-01,368,282,159,3,92,11,17,1418140,1269862,0,
2021-07-02,396,315,165,0,102,4,44,1418536,1270177,0,
2021-07-03,386,330,181,2,115,11,21,1418922,1270507,0,
2021-07-04,348,293,157,2,111,2,21,1419270,1270800,0,
2021-07-05,412,357,203,3,118,5,28,1419682,1271157,0,
2021-07-06,404,350,201,4,117,9,19,1420086,1271507,0,
2021-07-07,351,303,167,4,106,9,17,1420437,1271810,0,
2021-07-08,290,248,137,3,84,9,15,1420727,1272058,0,
2021-07-09,303,263,129,2,99,9,24,1421030,1272321,,
2021-07-10,274,258,136,2,99,12,9,1421304,1272579,,
2021-07-11,260,237,128,0,85,11,13,1421564,1272816,,
2021-07-12,379,345,181,1,135,12,16,1421943,1273161,,
2021-07-13,335,296,149,0,117,5,25,1422278,1273457,,
2021-07-14,370,317,160,0,120,15,22,1422648,1273774,,
2021-07-15,325,283,143,1,110,15,14,1422973,1274057,,
2021-07-16,364,322,162,6,120,13,21,1423337,1274379,,
2021-07-17,301,279,140,6,111,7,15,1423638,1274658,,
2021-07-18,338,302,144,6,128,13,11,1423976,1274960,,
2021-07-19,451,401,191,4,178,12,16,1424427,1275361,,
2021-07-20,484,426,200,7,186,9,24,1424911,1275787,,
2021-07-21,436,376,167,4,184,5,16,1425347,1276163,,
2021-07-22,367,295,149,4,119,7,16,1425714,1276458,,
2021-07-23,339,289,141,1,109,7,31,1426053,1276747,,
2021-07-24,245,188,98,1,74,4,11,1426298,1276935,,
2021-07-25,202,134,61,0,51,1,21,1426500,1277069,,
2021-07-26,313,143,60,0,38,4,41,1426813,1277212,,
2021-07-27,321,101,36,0,26,0,39,1427134,1277313,,
2021-07-28,177,70,14,0,4,0,52,1427311,1277383,,
2021-07-29,2,2,1,0,0,0,1,1427313,1277385,,