date,new,NTotal_ExposureOnly,domestic-contactWithCase,domestic-contactWithTraveller,domestic-unknown,internationalTravel,infopending,cumulative,cumulativeNTotal_ExposureOnly,doubleFlagTest,shaded
2020-01-15,2,1,0,0,0,1,0,2,1,1,14
2020-01-16,5,3,1,0,2,0,0,7,4,1,
2020-01-17,1,1,0,0,0,1,0,8,5,0,
2020-01-18,0,0,0,0,0,0,0,8,5,0,
2020-01-19,0,0,0,0,0,0,0,8,5,0,
2020-01-20,1,0,0,0,0,0,0,9,5,0,
2020-01-21,4,0,0,0,0,0,0,13,5,0,
2020-01-22,6,4,1,0,1,2,0,19,9,1,
2020-01-23,0,0,0,0,0,0,0,19,9,0,
2020-01-24,3,2,0,0,0,2,0,22,11,0,
2020-01-25,3,2,1,0,1,0,0,25,13,0,
2020-01-26,2,1,1,0,0,0,0,27,14,0,
2020-01-27,8,3,2,0,1,0,0,35,17,0,
2020-01-28,6,2,1,0,0,1,0,41,19,1,
2020-01-29,2,1,0,0,0,0,1,43,20,0,
2020-01-30,2,1,1,0,0,0,0,45,21,0,
2020-01-31,2,1,0,0,1,0,0,47,22,0,
2020-02-01,5,5,3,0,1,1,0,52,27,0,
2020-02-02,3,2,0,0,1,1,0,55,29,0,
2020-02-03,1,1,0,0,1,0,0,56,30,0,
2020-02-04,2,2,0,0,2,0,0,58,32,0,
2020-02-05,3,3,1,0,1,1,0,61,35,0,
2020-02-06,0,0,0,0,0,0,0,61,35,0,
2020-02-07,0,0,0,0,0,0,0,61,35,0,
2020-02-08,1,0,0,0,0,0,0,62,35,0,
2020-02-09,1,1,0,0,0,1,0,63,36,0,
2020-02-10,2,2,0,0,1,1,0,65,38,0,
2020-02-11,2,1,0,0,1,0,0,67,39,0,
2020-02-12,4,3,2,0,1,0,0,71,42,0,
2020-02-13,1,1,0,0,0,1,0,72,43,0,
2020-02-14,6,5,0,0,3,2,0,78,48,0,
2020-02-15,3,2,1,0,0,1,0,81,50,0,
2020-02-16,1,1,0,0,0,1,0,82,51,1,
2020-02-17,2,2,1,0,0,1,0,84,53,0,
2020-02-18,2,2,2,0,0,0,0,86,55,0,
2020-02-19,4,4,2,0,1,1,0,90,59,0,
2020-02-20,9,9,3,1,3,2,0,99,68,0,
2020-02-21,3,3,0,0,1,2,0,102,71,0,
2020-02-22,8,8,2,0,3,3,0,110,79,0,
2020-02-23,22,22,11,0,3,7,1,132,101,0,
2020-02-24,15,14,3,0,2,9,0,147,115,0,
2020-02-25,16,16,4,0,2,10,0,163,131,0,
2020-02-26,14,13,6,1,4,2,0,177,144,1,
2020-02-27,27,26,12,0,7,7,0,204,170,0,
2020-02-28,39,37,17,0,6,14,0,243,207,0,
2020-02-29,27,27,8,0,7,12,0,270,234,0,
2020-03-01,60,59,12,0,26,20,1,330,293,0,
2020-03-02,56,56,8,0,18,30,0,386,349,1,
2020-03-03,55,55,15,0,12,28,0,441,404,0,
2020-03-04,62,58,13,1,14,30,0,503,462,0,
2020-03-05,67,67,12,1,23,31,0,570,529,0,
2020-03-06,86,85,17,2,26,40,0,656,614,0,
2020-03-07,91,91,14,3,30,44,0,747,705,0,
2020-03-08,135,134,27,2,45,60,0,882,839,1,
2020-03-09,224,223,44,10,79,90,0,1106,1062,0,
2020-03-10,256,254,55,9,72,118,0,1362,1316,0,
2020-03-11,295,295,74,11,84,125,1,1657,1611,0,
2020-03-12,390,389,92,9,128,159,1,2047,2000,1,
2020-03-13,465,460,124,8,151,175,2,2512,2460,0,
2020-03-14,468,466,98,15,168,183,2,2980,2926,0,
2020-03-15,605,601,152,10,212,225,2,3585,3527,0,
2020-03-16,848,839,253,10,308,267,1,4433,4366,1,
2020-03-17,872,865,260,16,320,264,5,5305,5231,0,
2020-03-18,972,964,282,19,357,302,4,6277,6195,0,
2020-03-19,811,802,253,13,297,236,3,7088,6997,0,
2020-03-20,1060,1054,363,21,423,238,9,8148,8051,0,
2020-03-21,909,895,320,8,326,237,4,9057,8946,1,
2020-03-22,871,860,320,13,340,185,2,9928,9806,0,
2020-03-23,1095,1079,464,16,417,173,9,11023,10885,0,
2020-03-24,995,986,398,21,390,173,4,12018,11871,0,
2020-03-25,1009,993,450,13,414,108,8,13027,12864,0,
2020-03-26,941,929,449,12,342,117,9,13968,13793,0,
2020-03-27,971,960,483,8,373,84,12,14939,14753,0,
2020-03-28,976,966,472,9,390,84,11,15915,15719,0,
2020-03-29,889,880,462,7,355,50,6,16804,16599,0,
2020-03-30,1183,1173,584,10,489,77,13,17987,17772,0,
2020-03-31,1009,1001,560,3,357,68,13,18996,18773,1,
2020-04-01,1325,1313,755,12,453,84,9,20321,20086,0,
2020-04-02,1194,1188,749,11,374,46,8,21515,21274,0,
2020-04-03,1339,1328,887,6,374,53,8,22854,22602,0,
2020-04-04,1174,1170,745,9,371,28,17,24028,23772,0,
2020-04-05,1079,1074,680,5,368,13,8,25107,24846,0,
2020-04-06,1440,1436,884,11,514,14,13,26547,26282,0,
2020-04-07,1309,1303,792,13,469,16,13,27856,27585,0,
2020-04-08,1407,1403,884,10,489,6,14,29263,28988,0,
2020-04-09,1508,1505,968,14,495,4,24,30771,30493,0,
2020-04-10,1812,1806,1136,19,621,6,24,32583,32299,0,
2020-04-11,1714,1711,972,11,685,4,39,34297,34010,0,
2020-04-12,1447,1444,888,16,506,7,27,35744,35454,0,
2020-04-13,2130,2128,1169,33,888,6,32,37874,37582,0,
2020-04-14,1820,1818,1093,21,669,2,33,39694,39400,1,
2020-04-15,1961,1954,1231,22,672,4,25,41655,41354,0,
2020-04-16,1963,1958,1104,19,779,1,55,43618,43312,0,
2020-04-17,1863,1858,1104,17,699,3,35,45481,45170,0,
2020-04-18,1620,1615,1041,20,524,3,27,47101,46785,0,
2020-04-19,1232,1227,743,15,454,4,11,48333,48012,0,
2020-04-20,1845,1841,1081,10,713,2,35,50178,49853,0,
2020-04-21,1412,1410,842,13,520,6,29,51590,51263,0,
2020-04-22,1570,1565,909,13,612,1,30,53160,52828,0,
2020-04-23,1580,1569,916,18,599,5,31,54740,54397,0,
2020-04-24,1540,1534,931,11,547,2,43,56280,55931,0,
2020-04-25,1406,1399,823,14,475,5,82,57686,57330,0,
2020-04-26,1317,1312,789,13,464,4,42,59003,58642,0,
2020-04-27,1656,1645,951,12,637,5,40,60659,60287,0,
2020-04-28,1531,1519,925,18,547,6,23,62190,61806,0,
2020-04-29,1488,1482,806,4,656,2,14,63678,63288,0,
2020-04-30,1473,1463,828,4,611,3,17,65151,64751,0,
2020-05-01,1593,1582,895,8,656,4,19,66744,66333,0,
2020-05-02,1071,1067,657,8,383,0,19,67815,67400,0,
2020-05-03,1023,1021,621,6,379,5,10,68838,68421,0,
2020-05-04,1364,1357,775,6,553,2,21,70202,69778,0,
2020-05-05,1302,1295,728,6,534,1,26,71504,71073,0,
2020-05-06,1127,1123,661,8,435,2,17,72631,72196,0,
2020-05-07,1178,1173,712,4,432,6,19,73809,73369,0,
2020-05-08,1183,1178,701,7,454,1,15,74992,74547,0,
2020-05-09,1026,1018,634,8,354,4,18,76018,75565,0,
2020-05-10,920,917,543,7,351,5,11,76938,76482,0,
2020-05-11,1226,1225,729,8,451,7,30,78164,77707,0,
2020-05-12,1165,1156,718,2,410,6,20,79329,78863,0,
2020-05-13,1106,1097,650,3,425,3,16,80435,79960,1,
2020-05-14,1162,1160,686,3,452,5,14,81597,81120,0,
2020-05-15,1217,1214,711,0,479,11,13,82814,82334,0,
2020-05-16,996,993,601,2,375,2,13,83810,83327,0,
2020-05-17,913,902,537,2,343,8,12,84723,84229,0,
2020-05-18,1092,1080,617,2,449,5,7,85815,85309,0,
2020-05-19,964,959,583,3,361,4,8,86779,86268,0,
2020-05-20,1123,1110,652,2,444,1,11,87902,87378,0,
2020-05-21,884,873,547,2,307,6,11,88786,88251,0,
2020-05-22,841,831,513,0,311,5,2,89627,89082,0,
2020-05-23,691,685,442,1,232,4,6,90318,89767,0,
2020-05-24,654,646,401,0,230,4,11,90972,90413,0,
2020-05-25,857,845,508,3,313,4,17,91829,91258,0,
2020-05-26,749,733,459,1,260,7,6,92578,91991,0,
2020-05-27,714,702,425,2,263,2,10,93292,92693,0,
2020-05-28,594,581,362,2,204,2,11,93886,93274,0,
2020-05-29,731,727,444,0,275,3,5,94617,94001,0,
2020-05-30,564,556,397,2,154,1,2,95181,94557,0,
2020-05-31,408,398,258,0,131,3,6,95589,94955,0,
2020-06-01,687,679,395,6,249,6,23,96276,95634,0,
2020-06-02,494,485,320,1,155,5,4,96770,96119,0,
2020-06-03,491,487,322,4,149,4,8,97261,96606,0,
2020-06-04,463,452,265,1,169,11,6,97724,97058,0,
2020-06-05,446,436,312,0,118,3,3,98170,97494,0,
2020-06-06,372,366,234,1,124,4,3,98542,97860,0,
2020-06-07,313,304,213,1,84,1,5,98855,98164,0,
2020-06-08,435,424,289,6,114,10,5,99290,98588,0,
2020-06-09,373,366,244,3,110,4,5,99663,98954,0,
2020-06-10,441,435,259,5,152,10,9,100104,99389,0,
2020-06-11,376,360,242,3,107,5,3,100480,99749,0,
2020-06-12,375,370,224,5,132,6,3,100855,100119,0,
2020-06-13,276,271,181,1,83,5,1,101131,100390,0,
2020-06-14,299,293,186,0,95,9,3,101430,100683,0,
2020-06-15,399,393,244,4,134,7,4,101829,101076,0,
2020-06-16,368,357,234,2,106,10,5,102197,101433,0,
2020-06-17,362,356,229,0,117,6,4,102559,101789,0,
2020-06-18,328,317,198,1,110,4,4,102887,102106,0,
2020-06-19,336,334,231,0,88,11,4,103223,102440,0,
2020-06-20,285,279,186,0,84,8,1,103508,102719,0,
2020-06-21,271,268,176,0,85,4,3,103779,102987,0,
2020-06-22,324,317,211,2,96,4,4,104103,103304,0,
2020-06-23,325,325,219,2,91,6,7,104428,103629,0,
2020-06-24,285,285,183,2,87,9,4,104713,103914,0,
2020-06-25,464,461,326,2,122,5,6,105177,104375,0,
2020-06-26,278,270,170,0,83,11,6,105455,104645,0,
2020-06-27,251,247,165,1,71,7,3,105706,104892,0,
2020-06-28,239,234,135,1,88,9,1,105945,105126,0,
2020-06-29,333,327,198,2,107,10,10,106278,105453,0,
2020-06-30,312,299,197,4,93,2,3,106590,105752,0,
2020-07-01,286,274,177,8,83,5,1,106876,106026,0,
2020-07-02,266,258,161,1,83,6,7,107142,106284,0,
2020-07-03,306,294,185,2,91,13,3,107448,106578,0,
2020-07-04,293,281,173,3,94,10,1,107741,106859,0,
2020-07-05,271,268,177,3,81,6,1,108012,107127,0,
2020-07-06,504,491,269,2,175,17,28,108516,107618,0,
2020-07-07,520,506,263,6,208,19,10,109036,108124,0,
2020-07-08,443,419,279,4,121,10,5,109479,108543,0,
2020-07-09,452,431,268,3,139,12,9,109931,108974,0,
2020-07-10,412,389,258,5,107,14,5,110343,109363,0,
2020-07-11,384,373,228,3,128,12,2,110727,109736,0,
2020-07-12,397,381,236,3,134,6,2,111124,110117,0,
2020-07-13,605,570,358,12,185,12,3,111729,110687,0,
2020-07-14,546,504,299,4,181,13,7,112275,111191,0,
2020-07-15,567,520,311,3,174,16,16,112842,111711,0,
2020-07-16,460,419,259,4,136,17,3,113302,112130,0,
2020-07-17,505,463,272,6,167,7,11,113807,112593,0,
2020-07-18,407,381,228,2,137,7,7,114214,112974,0,
2020-07-19,392,357,202,4,137,12,2,114606,113331,0,
2020-07-20,528,473,264,6,184,14,5,115134,113804,0,
2020-07-21,523,469,267,10,181,6,5,115657,114273,0,
2020-07-22,447,381,181,6,180,10,4,116104,114654,0,
2020-07-23,448,355,175,3,164,7,6,116552,115009,0,
2020-07-24,456,376,180,7,177,5,7,117008,115385,0,
2020-07-25,309,232,108,4,111,6,3,117317,115617,0,
2020-07-26,336,220,102,6,100,10,2,117653,115837,0,
2020-07-27,471,330,176,3,132,14,5,118124,116167,0,
2020-07-28,417,286,155,1,111,14,5,118541,116453,0,
2020-07-29,406,246,138,2,99,3,4,118947,116699,0,
2020-07-30,332,213,109,1,87,6,10,119279,116912,0,
2020-07-31,340,220,120,0,85,10,5,119619,117132,0,
2020-08-01,342,208,113,8,62,17,8,119961,117340,0,
2020-08-02,332,197,124,6,59,6,2,120293,117537,0,
2020-08-03,430,272,162,2,97,10,1,120723,117809,0,
2020-08-04,446,313,186,0,100,20,7,121169,118122,0,
2020-08-05,379,277,171,9,87,8,2,121548,118399,0,
2020-08-06,346,248,160,4,71,7,6,121894,118647,0,
2020-08-07,387,301,189,2,92,6,12,122281,118948,0,
2020-08-08,332,237,151,4,76,2,4,122613,119185,0,
2020-08-09,322,253,148,7,87,8,3,122935,119438,0,
2020-08-10,475,365,215,8,124,12,6,123410,119803,0,
2020-08-11,471,359,220,5,122,11,1,123881,120162,0,
2020-08-12,405,323,211,11,87,11,3,124286,120485,0,
2020-08-13,424,350,223,8,107,10,2,124710,120835,0,
2020-08-14,375,302,175,7,108,9,3,125085,121137,0,
2020-08-15,366,302,171,7,111,7,6,125451,121439,0,
2020-08-16,376,291,166,14,104,4,3,125827,121730,0,
2020-08-17,542,415,264,11,126,7,7,126369,122145,0,
2020-08-18,425,348,205,4,123,4,12,126794,122493,0,
2020-08-19,444,351,207,9,120,5,10,127238,122844,0,
2020-08-20,445,353,223,5,108,4,13,127683,123197,0,
2020-08-21,422,334,207,9,104,5,9,128105,123531,0,
2020-08-22,394,333,225,7,93,5,3,128499,123864,0,
2020-08-23,405,316,203,3,103,6,1,128904,124180,0,
2020-08-24,576,433,265,15,137,7,9,129480,124613,0,
2020-08-25,613,451,291,12,137,10,1,130093,125064,0,
2020-08-26,616,454,287,13,144,5,5,130709,125518,0,
2020-08-27,491,364,231,11,109,3,10,131200,125882,0,
2020-08-28,561,414,262,11,126,6,9,131761,126296,0,
2020-08-29,457,327,207,10,87,5,18,132218,126623,0,
2020-08-30,554,397,242,4,127,7,17,132772,127020,0,
2020-08-31,645,429,260,11,133,9,16,133417,127449,0,
2020-09-01,747,513,301,18,162,7,25,134164,127962,0,
2020-09-02,781,530,333,12,153,8,24,134945,128492,0,
2020-09-03,660,454,267,5,163,4,15,135605,128946,0,
2020-09-04,721,479,287,9,158,10,15,136326,129425,0,
2020-09-05,666,414,254,9,125,9,17,136992,129839,0,
2020-09-06,684,421,270,4,134,8,5,137676,130260,0,
2020-09-07,788,488,299,8,159,9,13,138464,130748,0,
2020-09-08,957,610,352,14,218,10,16,139421,131358,0,
2020-09-09,1015,628,376,12,216,4,20,140436,131986,0,
2020-09-10,1002,650,378,6,226,9,31,141438,132636,0,
2020-09-11,977,641,358,10,249,9,15,142415,133277,0,
2020-09-12,976,654,390,8,235,3,18,143391,133931,0,
2020-09-13,970,611,344,8,241,6,12,144361,134542,0,
2020-09-14,1264,804,481,14,275,7,27,145625,135346,0,
2020-09-15,1317,801,448,10,305,3,35,146942,136147,0,
2020-09-16,1357,817,494,22,272,4,25,148299,136964,0,
2020-09-17,1327,770,479,21,236,6,28,149626,137734,0,
2020-09-18,1422,804,518,8,241,1,36,151048,138538,0,
2020-09-19,1240,705,392,18,271,6,18,152288,139243,0,
2020-09-20,1359,760,420,12,282,9,37,153647,140003,0,
2020-09-21,1816,1014,559,16,377,6,56,155463,141017,0,
2020-09-22,1860,962,525,13,366,8,50,157323,141979,0,
2020-09-23,1915,1007,556,15,344,2,90,159238,142986,0,
2020-09-24,1956,985,527,10,354,2,92,161194,143971,0,
2020-09-25,2056,1060,563,20,371,9,97,163250,145031,0,
2020-09-26,1885,952,505,7,339,4,97,165135,145983,0,
2020-09-27,1971,968,479,10,352,6,121,167106,146951,0,
2020-09-28,2477,1199,625,16,422,3,133,169583,148150,0,
2020-09-29,2269,1127,552,23,406,3,143,171852,149277,0,
2020-09-30,2256,1127,564,16,435,1,111,174108,150404,0,
2020-10-01,2170,1111,585,9,414,9,94,176278,151515,0,
2020-10-02,2131,1081,547,17,404,9,104,178409,152596,0,
2020-10-03,1828,941,475,19,349,10,88,180237,153537,0,
2020-10-04,1843,922,511,14,315,4,78,182080,154459,0,
2020-10-05,2455,1266,678,20,453,4,111,184535,155725,0,
2020-10-06,2325,1264,678,31,422,10,123,186860,156989,0,
2020-10-07,2277,1262,689,20,436,9,108,189137,158251,0,
2020-10-08,2245,1192,657,14,405,10,106,191382,159443,0,
2020-10-09,2299,1249,656,18,456,7,112,193681,160692,0,
2020-10-10,2170,1340,682,17,553,7,81,195851,162032,0,
2020-10-11,1914,1119,605,17,398,5,94,197765,163151,0,
2020-10-12,2338,1340,717,19,501,8,95,200103,164491,0,
2020-10-13,2574,1524,866,22,520,9,107,202677,166015,0,
2020-10-14,2515,1522,879,26,509,7,101,205192,167537,0,
2020-10-15,2569,1419,842,24,445,9,99,207761,168956,0,
2020-10-16,2658,1598,895,19,574,4,106,210419,170554,0,
2020-10-17,2308,1386,820,25,430,6,105,212727,171940,0,
2020-10-18,2233,1381,806,13,459,12,91,214960,173321,0,
2020-10-19,2964,1887,1124,22,611,7,123,217924,175208,0,
2020-10-20,2826,1857,1099,27,570,9,152,220750,177065,0,
2020-10-21,2791,1744,1010,33,542,9,150,223541,178809,0,
2020-10-22,2797,1803,1093,21,560,2,127,226338,180612,0,
2020-10-23,2825,1817,1047,30,599,7,134,229163,182429,0,
2020-10-24,2641,1766,1038,34,532,10,152,231804,184195,0,
2020-10-25,2640,1687,1024,32,509,7,115,234444,185882,0,
2020-10-26,3389,2185,1271,23,688,10,193,237833,188067,0,
2020-10-27,3348,2231,1354,36,669,9,163,241181,190298,0,
2020-10-28,3628,2447,1434,38,767,9,199,244809,192745,0,
2020-10-29,3099,2003,1255,33,586,7,122,247908,194748,0,
2020-10-30,3522,2355,1334,44,814,9,154,251430,197103,0,
2020-10-31,3154,2168,1359,32,631,8,138,254584,199271,0,
2020-11-01,3454,2318,1387,33,742,8,148,258038,201589,0,
2020-11-02,4566,3061,1850,43,965,7,196,262604,204650,0,
2020-11-03,4499,3072,1808,34,938,15,277,267103,207722,0,
2020-11-04,4617,3089,1917,48,916,7,201,271720,210811,0,
2020-11-05,4536,3047,1760,34,963,8,282,276256,213858,0,
2020-11-06,4619,3098,1813,22,1005,11,247,280875,216956,0,
2020-11-07,4317,2873,1534,17,1102,9,211,285192,219829,0,
2020-11-08,4029,2676,1456,13,1024,8,175,289221,222505,0,
2020-11-09,5292,3566,1832,26,1447,14,247,294513,226071,0,
2020-11-10,5134,3440,1741,19,1432,14,234,299647,229511,0,
2020-11-11,4943,3426,1825,26,1351,9,215,304590,232937,0,
2020-11-12,5052,3586,1714,19,1608,12,233,309642,236523,0,
2020-11-13,5194,3731,1789,17,1680,16,229,314836,240254,0,
2020-11-14,4538,3417,1701,11,1515,13,177,319374,243671,0,
2020-11-15,4463,3323,1642,22,1493,18,148,323837,246994,0,
2020-11-16,5607,4109,2046,17,1847,22,177,329444,251103,0,
2020-11-17,5437,4013,1913,19,1817,14,250,334881,255116,0,
2020-11-18,5659,4208,2106,28,1864,12,198,340540,259324,0,
2020-11-19,5504,3995,1872,24,1871,16,212,346044,263319,0,
2020-11-20,5528,4162,1985,30,1922,15,210,351572,267481,0,
2020-11-21,5072,3808,1832,23,1769,15,169,356644,271289,0,
2020-11-22,4852,3546,1761,26,1560,22,177,361496,274835,0,
2020-11-23,6322,4599,2265,35,2041,16,242,367818,279434,0,
2020-11-24,6237,4630,2194,31,2130,11,264,374055,284064,0,
2020-11-25,6393,4703,2194,28,2150,15,316,380448,288767,0,
2020-11-26,6102,4564,2149,30,2169,17,199,386550,293331,0,
2020-11-27,6250,4552,2095,34,2187,18,218,392800,297883,0,
2020-11-28,5592,4095,1999,23,1778,15,280,398392,301978,0,
2020-11-29,5417,3868,1723,31,1865,15,234,403809,305846,0,
2020-11-30,6912,4946,2310,37,2305,21,273,410721,310792,0,
2020-12-01,6780,4831,2345,21,2199,7,259,417501,315623,0,
2020-12-02,6696,4823,2149,38,2362,13,261,424197,320446,0,
2020-12-03,6702,4731,2208,34,2180,17,292,430899,325177,0,
2020-12-04,6792,4831,2213,41,2291,10,276,437691,330008,0,
2020-12-05,5829,4105,1847,39,1956,12,251,443520,334113,0,
2020-12-06,5805,4017,1929,34,1762,31,261,449325,338130,0,
2020-12-07,7647,5313,2527,48,2366,26,346,456972,343443,0,
2020-12-08,7176,4921,2285,40,2216,17,363,464148,348364,0,
2020-12-09,6910,4762,2229,31,2106,19,377,471058,353126,0,
2020-12-10,6854,4662,2115,46,2128,24,349,477912,357788,0,
2020-12-11,6832,4713,2132,49,2154,22,356,484744,362501,0,
2020-12-12,6171,4087,1881,43,1818,24,321,490915,366588,0,
2020-12-13,5529,3666,1746,27,1594,16,283,496444,370254,0,
2020-12-14,7671,5088,2328,42,2219,29,470,504115,375342,0,
2020-12-15,7207,4787,2143,33,2163,17,431,511322,380129,0,
2020-12-16,6873,4568,2110,47,1971,9,431,518195,384697,0,
2020-12-17,6644,4332,1909,36,1940,27,420,524839,389029,0,
2020-12-18,6907,4534,2026,53,2002,20,433,531746,393563,0,
2020-12-19,5910,3733,1781,41,1589,17,305,537656,397296,0,
2020-12-20,5895,3770,1846,31,1568,20,305,543551,401066,0,
2020-12-21,7562,4706,2235,41,1940,16,474,551113,405772,0,
2020-12-22,7125,4395,2174,44,1732,22,423,558238,410167,0,
2020-12-23,7384,4622,2292,49,1803,30,448,565622,414789,0,
2020-12-24,6886,4420,2144,44,1806,14,412,572508,419209,0,
2020-12-25,5711,3519,1849,52,1327,15,276,578219,422728,0,
2020-12-26,7592,5000,2591,59,1976,25,349,585811,427728,0,
2020-12-27,7544,4949,2698,69,1788,20,374,593355,432677,0,
2020-12-28,8922,5768,3041,52,2193,25,457,602277,438445,0,
2020-12-29,8141,5301,2852,72,1909,16,452,610418,443746,0,
2020-12-30,7831,5015,2680,59,1769,41,466,618249,448761,0,
2020-12-31,7425,4938,2628,57,1805,16,432,625674,453699,0,
2021-01-01,6858,4477,2398,40,1646,29,364,632532,458176,0,
2021-01-02,7511,5099,2778,69,1768,44,440,640043,463275,0,
2021-01-03,7293,4740,2575,61,1665,49,390,647336,468015,0,
2021-01-04,8906,5826,3127,69,2042,32,556,656242,473841,0,
2021-01-05,7767,5136,2827,64,1716,48,481,664009,478977,0,
2021-01-06,7726,5008,2676,60,1660,53,559,671735,483985,0,
2021-01-07,6872,4453,2395,52,1475,38,493,678607,488438,0,
2021-01-08,6747,4441,2377,58,1472,39,495,685354,492879,0,
2021-01-09,5974,3883,2084,54,1300,40,405,691328,496762,0,
2021-01-10,5572,3676,1964,58,1246,29,379,696900,500438,0,
2021-01-11,6865,4593,2524,59,1474,36,500,703765,505031,0,
2021-01-12,6075,4029,2192,71,1287,30,449,709840,509060,0,
2021-01-13,6078,4031,2124,49,1344,32,482,715918,513091,0,
2021-01-14,5633,3831,2096,44,1218,28,445,721551,516922,0,
2021-01-15,6002,3898,2093,40,1335,30,400,727553,520820,0,
2021-01-16,4703,3167,1696,37,1122,20,292,732256,523987,0,
2021-01-17,4465,2984,1598,38,983,37,328,736721,526971,0,
2021-01-18,5649,3783,2015,39,1221,31,477,742370,530754,0,
2021-01-19,5214,3472,1846,48,1110,12,456,747584,534226,0,
2021-01-20,5041,3380,1852,56,1082,24,366,752625,537606,0,
2021-01-21,4757,3187,1710,29,1026,26,396,757382,540793,0,
2021-01-22,4506,3063,1680,39,1016,18,310,761888,543856,0,
2021-01-23,3940,2664,1448,43,872,15,286,765828,546520,0,
2021-01-24,3496,2347,1272,27,790,11,247,769324,548867,0,
2021-01-25,4621,3020,1625,37,947,18,393,773945,551887,0,
2021-01-26,4072,2655,1435,40,826,9,345,778017,554542,0,
2021-01-27,4164,2789,1539,28,887,15,320,782181,557331,0,
2021-01-28,3857,2500,1342,31,843,17,267,786038,559831,0,
2021-01-29,3748,2443,1309,40,850,14,230,789786,562274,0,
2021-01-30,3143,2083,1088,23,732,10,230,792929,564357,0,
2021-01-31,2859,1886,1066,24,602,18,176,795788,566243,0,
2021-02-01,4092,2697,1387,21,895,15,379,799880,568940,0,
2021-02-02,3610,2358,1286,32,779,11,250,803490,571298,0,
2021-02-03,3529,2295,1243,22,780,10,240,807019,573593,0,
2021-02-04,3347,2186,1176,26,727,14,243,810366,575779,0,
2021-02-05,3364,2210,1161,26,766,16,241,813730,577989,0,
2021-02-06,2787,1872,1045,18,671,7,131,816517,579861,0,
2021-02-07,2636,1738,973,24,592,12,137,819153,581599,0,
2021-02-08,3498,2282,1288,19,743,9,223,822651,583881,0,
2021-02-09,3224,2025,1125,29,680,13,178,825875,585906,0,
2021-02-10,3288,2182,1274,29,739,5,135,829163,588088,0,
2021-02-11,2889,1934,1169,24,599,7,135,832052,590022,0,
2021-02-12,3107,2066,1188,21,678,7,172,835159,592088,0,
2021-02-13,2671,1876,1125,17,575,4,155,837830,593964,0,
2021-02-14,2529,1707,1027,16,551,20,93,840359,595671,0,
2021-02-15,3038,2010,1214,33,630,7,126,843397,597681,0,
2021-02-16,3008,2097,1258,27,638,13,161,846405,599778,0,
2021-02-17,3090,2138,1302,29,628,8,171,849495,601916,0,
2021-02-18,3014,2113,1272,31,604,7,199,852509,604029,0,
2021-02-19,2996,2090,1239,24,656,5,166,855505,606119,0,
2021-02-20,2734,1887,1131,26,598,10,122,858239,608006,0,
2021-02-21,2528,1798,1049,14,599,10,126,860767,609804,0,
2021-02-22,3204,2225,1318,15,692,6,194,863971,612029,0,
2021-02-23,3015,2153,1312,11,673,4,153,866986,614182,0,
2021-02-24,3109,2159,1334,18,634,7,166,870095,616341,0,
2021-02-25,2839,2020,1230,16,620,4,150,872934,618361,0,
2021-02-26,2931,2102,1302,19,611,10,160,875865,620463,0,
2021-02-27,2701,2007,1224,11,602,15,155,878566,622470,0,
2021-02-28,2651,1962,1199,21,592,9,141,881217,624432,0,
2021-03-01,3510,2543,1496,19,807,7,214,884727,626975,0,
2021-03-02,3119,2294,1417,22,675,7,173,887846,629269,0,
2021-03-03,3292,2383,1480,19,713,15,156,891138,631652,0,
2021-03-04,2886,2180,1323,22,673,16,146,894024,633832,0,
2021-03-05,3212,2404,1520,21,692,4,167,897236,636236,0,
2021-03-06,2820,2121,1310,5,638,12,156,900056,638357,0,
2021-03-07,2697,2023,1211,13,661,9,129,902753,640380,0,
2021-03-08,3549,2676,1640,13,798,20,205,906302,643056,0,
2021-03-09,3361,2583,1594,24,750,11,204,909663,645639,0,
2021-03-10,3680,2808,1736,22,802,18,230,913343,648447,0,
2021-03-11,3295,2483,1527,14,723,18,201,916638,650930,0,
2021-03-12,3400,2623,1584,10,784,15,230,920038,653553,0,
2021-03-13,3167,2438,1540,10,719,10,159,923205,655991,0,
2021-03-14,3064,2295,1394,11,712,25,153,926269,658286,0,
2021-03-15,4159,3325,2021,12,1046,17,229,930428,661611,0,
2021-03-16,4008,3130,1946,11,936,13,224,934436,664741,0,
2021-03-17,4403,3536,2256,9,1034,21,216,938839,668277,0,
2021-03-18,4005,3188,2053,12,906,17,200,942844,671465,0,
2021-03-19,4353,3436,2096,12,1072,20,236,947197,674901,0,
2021-03-20,4188,3320,2019,12,1078,8,203,951385,678221,0,
2021-03-21,4200,3336,1982,17,1085,31,221,955585,681557,0,
2021-03-22,5335,4158,2476,20,1363,13,286,960920,685715,0,
2021-03-23,5575,4344,2517,24,1467,24,312,966495,690059,0,
2021-03-24,5615,4492,2718,21,1411,30,312,972110,694551,0,
2021-03-25,5229,4090,2420,17,1330,19,304,977339,698641,0,
2021-03-26,5689,4506,2662,22,1439,25,358,983028,703147,0,
2021-03-27,5377,4239,2508,22,1427,13,269,988405,707386,0,
2021-03-28,5437,4253,2509,17,1416,30,281,993842,711639,0,
2021-03-29,6679,5307,3114,14,1793,23,363,1000521,716946,0,
2021-03-30,6733,5286,3132,21,1750,31,352,1007254,722232,0,
2021-03-31,6812,5432,3202,30,1827,19,354,1014066,727664,0,
2021-04-01,7864,6365,3574,37,2171,19,564,1021930,734029,0,
2021-04-02,7161,5710,3363,34,1849,18,446,1029091,739739,0,
2021-04-03,7159,5671,3353,32,1750,16,520,1036250,745410,0,
2021-04-04,7402,5894,3432,29,1939,22,472,1043652,751304,0,
2021-04-05,9591,7719,4399,39,2584,34,663,1053243,759023,0,
2021-04-06,9607,7748,4471,49,2495,25,708,1062850,766771,0,
2021-04-07,9632,7789,4490,42,2515,27,715,1072482,774560,0,
2021-04-08,8998,7278,4130,38,2340,22,748,1081480,781838,0,
2021-04-09,9023,7269,4003,40,2429,42,755,1090503,789107,0,
2021-04-10,8565,7023,3889,41,2348,32,713,1099068,796130,0,
2021-04-11,7824,6356,3513,32,2158,29,624,1106892,802486,0,
2021-04-12,9287,7510,4295,40,2348,36,791,1116179,809996,0,
2021-04-13,8657,7088,4017,31,2267,29,744,1124836,817084,0,
2021-04-14,8799,7230,4072,38,2238,34,848,1133635,824314,0,
2021-04-15,8082,6707,3823,29,2053,20,782,1141717,831021,0,
2021-04-16,8301,6934,3900,23,2294,28,689,1150018,837955,0,
2021-04-17,7889,6601,3760,36,2077,26,702,1157907,844556,0,
2021-04-18,7208,6074,3413,26,1971,34,630,1165115,850630,0,
2021-04-19,8759,7365,4162,34,2340,44,785,1173874,857995,0,
2021-04-20,8279,6988,4094,27,2166,32,669,1182153,864983,0,
2021-04-21,8195,7001,4069,28,2200,56,648,1190348,871984,0,
2021-04-22,7637,6495,3762,18,2069,58,588,1197985,878479,0,
2021-04-23,8076,6938,3998,33,2152,51,704,1206061,885417,0,
2021-04-24,7287,6151,3606,22,1936,23,564,1213348,891568,0,
2021-04-25,6761,5698,3372,21,1803,33,469,1220109,897266,0,
2021-04-26,8199,6953,4064,27,2166,45,651,1228308,904219,0,
2021-04-27,7646,6495,3885,21,1943,19,627,1235954,910714,0,
2021-04-28,8128,6897,4044,27,2109,20,697,1244082,917611,0,
2021-04-29,7126,6032,3599,24,1773,11,625,1251208,923643,0,
2021-04-30,7390,6306,3689,24,1882,37,674,1258598,929949,0,
2021-05-01,7039,6071,3580,18,1953,12,508,1265637,936020,0,
2021-05-02,6120,5260,3221,27,1564,12,436,1271757,941280,0,
2021-05-03,7529,6398,3869,26,2002,19,482,1279286,947678,0,
2021-05-04,6876,5805,3624,22,1744,25,390,1286162,953483,0,
2021-05-05,6759,5768,3548,27,1783,21,389,1292921,959251,0,
2021-05-06,6176,5180,3208,11,1570,14,377,1299097,964431,0,
2021-05-07,6287,5280,3271,19,1629,22,339,1305384,969711,0,
2021-05-08,5620,4746,2943,25,1482,10,286,1311004,974457,0,
2021-05-09,5015,4240,2694,20,1309,5,212,1316019,978697,0,
2021-05-10,6312,5252,3191,26,1656,19,360,1322331,983949,0,
2021-05-11,5492,4562,2809,26,1398,6,323,1327823,988511,0,
2021-05-12,5448,4550,2820,19,1444,6,261,1333271,993061,0,
2021-05-13,4970,4121,2603,19,1251,12,236,1338241,997182,0,
2021-05-14,4893,4061,2468,11,1295,10,277,1343134,1001243,0,
2021-05-15,4300,3557,2175,9,1137,9,227,1347434,1004800,0,
2021-05-16,3805,3135,1889,6,1058,11,171,1351239,1007935,0,
2021-05-17,4532,3717,2246,9,1145,13,304,1355771,1011652,0,
2021-05-18,4083,3299,1975,11,1041,7,265,1359854,1014951,0,
2021-05-19,3701,3004,1853,14,941,4,192,1363555,1017955,0,
2021-05-20,3480,2829,1708,8,866,7,240,1367035,1020784,0,
2021-05-21,3261,2642,1607,7,806,7,215,1370296,1023426,0,
2021-05-22,2651,2178,1333,8,699,4,134,1372947,1025604,0,
2021-05-23,2320,1862,1127,1,617,3,114,1375267,1027466,0,
2021-05-24,2416,1944,1178,6,641,2,117,1377683,1029410,0,
2021-05-25,2692,2159,1367,1,649,6,136,1380375,1031569,0,
2021-05-26,2408,1930,1231,7,584,4,104,1382783,1033499,0,
2021-05-27,2238,1812,1177,6,532,5,92,1385021,1035311,0,
2021-05-28,2094,1688,1095,8,493,4,88,1387115,1036999,0,
2021-05-29,1687,1350,842,1,427,7,73,1388802,1038349,0,
2021-05-30,1546,1247,812,6,372,7,50,1390348,1039596,0,
2021-05-31,1971,1590,1056,1,455,6,72,1392319,1041186,0,
2021-06-01,1847,1515,943,8,469,9,86,1394166,1042701,0,
2021-06-02,1731,1391,915,3,414,2,57,1395897,1044092,0,
2021-06-03,1502,1221,804,5,345,4,63,1397399,1045313,0,
2021-06-04,1489,1173,754,3,346,5,65,1398888,1046486,0,
2021-06-05,1227,997,650,3,296,5,43,1400115,1047483,0,
2021-06-06,1097,875,581,0,256,3,35,1401212,1048358,0,
2021-06-07,1449,1145,768,3,318,5,51,1402661,1049503,0,
2021-06-08,1210,952,599,2,289,8,54,1403871,1050455,0,
2021-06-09,1207,961,650,6,232,6,67,1405078,1051416,0,
2021-06-10,1188,924,644,6,212,9,53,1406266,1052340,0,
2021-06-11,1056,817,529,1,225,9,53,1407322,1053157,0,
2021-06-12,912,714,458,4,186,9,57,1408234,1053871,0,
2021-06-13,769,612,378,2,185,3,44,1409003,1054483,0,
2021-06-14,1041,790,520,3,218,12,37,1410044,1055273,0,
2021-06-15,913,696,477,0,186,6,27,1410957,1055969,0,
2021-06-16,854,650,435,1,162,11,41,1411811,1056619,0,
2021-06-17,713,545,368,2,144,6,25,1412524,1057164,0,
2021-06-18,725,569,373,3,146,16,31,1413249,1057733,0,
2021-06-19,570,453,267,0,142,6,38,1413819,1058186,0,
2021-06-20,569,425,255,3,134,5,28,1414388,1058611,0,
2021-06-21,700,553,334,1,164,9,45,1415088,1059164,0,
2021-06-22,664,503,307,2,146,6,42,1415752,1059667,0,
2021-06-23,668,495,316,1,143,4,31,1416420,1060162,0,
2021-06-24,582,454,274,4,132,11,33,1417002,1060616,0,
2021-06-25,539,417,262,3,113,6,33,1417541,1061033,0,
2021-06-26,473,354,212,3,110,7,22,1418014,1061387,0,
2021-06-27,433,319,184,1,99,4,31,1418447,1061706,0,
2021-06-28,553,414,243,1,122,9,39,1419000,1062120,0,
2021-06-29,491,350,174,2,117,12,45,1419491,1062470,0,
2021-06-30,482,386,217,4,109,11,45,1419973,1062856,0,
2021-07-01,410,294,167,3,93,11,20,1420383,1063150,0,
2021-07-02,435,319,173,0,102,4,40,1420818,1063469,0,
2021-07-03,430,332,183,2,116,11,20,1421248,1063801,0,
2021-07-04,406,301,161,2,113,3,22,1421654,1064102,0,
2021-07-05,526,366,214,3,119,5,25,1422180,1064468,0,
2021-07-06,493,359,211,4,117,9,18,1422673,1064827,0,
2021-07-07,424,310,172,4,108,10,16,1423097,1065137,0,
2021-07-08,355,253,140,3,87,9,14,1423452,1065390,0,
2021-07-09,380,273,135,2,99,13,24,1423832,1065663,,
2021-07-10,354,265,141,2,100,13,9,1424186,1065928,,
2021-07-11,342,245,127,0,91,12,15,1424528,1066173,,
2021-07-12,472,365,192,1,140,12,20,1425000,1066538,,
2021-07-13,438,312,160,0,119,8,25,1425438,1066850,,
2021-07-14,489,337,177,0,122,17,21,1425927,1067187,,
2021-07-15,427,306,157,1,116,16,16,1426354,1067493,,
2021-07-16,471,351,183,6,126,16,20,1426825,1067844,,
2021-07-17,413,303,157,7,116,14,9,1427238,1068147,,
2021-07-18,494,358,174,7,145,16,16,1427732,1068505,,
2021-07-19,621,467,226,4,207,16,14,1428353,1068972,,
2021-07-20,700,524,259,10,230,12,13,1429053,1069496,,
2021-07-21,678,510,241,5,235,18,11,1429731,1070006,,
2021-07-22,622,454,232,9,186,14,13,1430353,1070460,,
2021-07-23,682,525,272,4,199,16,34,1431035,1070985,,
2021-07-24,640,496,290,4,177,14,11,1431675,1071481,,
2021-07-25,748,576,296,11,237,18,14,1432423,1072057,,
2021-07-26,1028,795,408,6,333,24,24,1433451,1072852,,
2021-07-27,971,742,406,10,292,11,23,1434422,1073594,,
2021-07-28,970,724,381,10,284,25,24,1435392,1074318,,
2021-07-29,950,699,365,11,285,20,18,1436342,1075017,,
2021-07-30,957,692,370,12,264,17,29,1437299,1075709,,
2021-07-31,986,759,374,9,327,24,25,1438285,1076468,,
2021-08-01,1190,900,479,18,354,24,25,1439475,1077368,,
2021-08-02,1533,1079,491,19,508,27,34,1441008,1078447,,
2021-08-03,1768,1283,630,17,549,27,60,1442776,1079730,,
2021-08-04,1729,1246,603,21,554,18,50,1444505,1080976,,
2021-08-05,1695,1180,612,15,497,23,33,1446200,1082156,,
2021-08-06,1655,1109,539,13,485,21,51,1447855,1083265,,
2021-08-07,1696,1250,632,11,537,25,45,1449551,1084515,,
2021-08-08,1772,1293,667,23,540,20,43,1451323,1085808,,
2021-08-09,2221,1623,818,23,701,20,61,1453544,1087431,,
2021-08-10,2420,1789,855,27,793,40,74,1455964,1089220,,
2021-08-11,2336,1713,831,28,766,24,64,1458300,1090933,,
2021-08-12,2111,1543,763,26,668,35,51,1460411,1092476,,
2021-08-13,2129,1548,786,15,647,38,62,1462540,1094024,,
2021-08-14,2180,1638,841,25,687,27,58,1464720,1095662,,
2021-08-15,2262,1663,851,23,723,16,50,1466982,1097325,,
2021-08-16,3024,2253,1066,31,1049,31,76,1470006,1099578,,
2021-08-17,2992,2194,1071,31,986,28,78,1472998,1101772,,
2021-08-18,2981,2189,1046,35,1004,22,82,1475979,1103961,,
2021-08-19,2740,1986,967,18,904,27,70,1478719,1105947,,
2021-08-20,2855,2150,1014,22,1015,19,80,1481574,1108097,,
2021-08-21,2728,2097,949,15,1030,23,80,1484302,1110194,,
2021-08-22,2919,2218,938,21,1171,24,64,1487221,1112412,,
2021-08-23,3723,2755,1061,13,1555,30,96,1490944,1115167,,
2021-08-24,3758,2774,1034,8,1612,29,91,1494702,1117941,,
2021-08-25,3723,2719,975,7,1634,18,85,1498425,1120660,,
2021-08-26,3365,2480,950,5,1427,19,79,1501790,1123140,,
2021-08-27,3631,2622,913,6,1574,18,111,1505421,1125762,,
2021-08-28,3288,2457,912,8,1439,26,72,1508709,1128219,,
2021-08-29,3251,2417,838,6,1476,21,76,1511960,1130636,,
2021-08-30,4075,2920,1029,11,1773,22,85,1516035,1133556,,
2021-08-31,4045,2878,935,10,1831,16,86,1520080,1136434,,
2021-09-01,4446,3203,1091,6,1992,19,95,1524526,1139637,,
2021-09-02,3885,2811,999,4,1717,14,77,1528411,1142448,,
2021-09-03,4164,3035,1059,7,1851,24,94,1532575,1145483,,
2021-09-04,3638,2720,930,6,1718,17,49,1536213,1148203,,
2021-09-05,3575,2615,862,5,1684,9,55,1539788,1150818,,
2021-09-06,4014,2949,975,8,1875,10,81,1543802,1153767,,
2021-09-07,4852,3432,1178,4,2129,11,110,1548654,1157199,,
2021-09-08,4802,3370,1154,6,2110,16,84,1553456,1160569,,
2021-09-09,4427,3080,1049,6,1920,23,82,1557883,1163649,,
2021-09-10,4499,3179,1081,10,2015,10,63,1562382,1166828,,
2021-09-11,3787,2749,933,5,1727,10,74,1566169,1169577,,
2021-09-12,3745,2703,952,4,1663,11,73,1569914,1172280,,
2021-09-13,4976,3421,1180,6,2138,13,84,1574890,1175701,,
2021-09-14,4578,3214,1110,8,1966,22,108,1579468,1178915,,
2021-09-15,4553,3234,1156,7,1957,14,100,1584021,1182149,,
2021-09-16,4260,3081,1134,1,1849,8,89,1588281,1185230,,
2021-09-17,4426,3122,1139,3,1865,7,108,1592707,1188352,,
2021-09-18,3792,2786,1035,3,1655,15,78,1596499,1191138,,
2021-09-19,3644,2732,941,12,1697,8,74,1600143,1193870,,
2021-09-20,4894,3580,1313,4,2143,13,107,1605037,1197450,,
2021-09-21,4540,3278,1182,5,1989,11,91,1609577,1200728,,
2021-09-22,4316,3224,1236,7,1888,10,83,1613893,1203952,,
2021-09-23,4121,3003,1198,4,1715,17,69,1618014,1206955,,
2021-09-24,4207,3146,1171,8,1849,7,111,1622221,1210101,,
2021-09-25,3474,2665,1008,3,1583,6,65,1625695,1212766,,
2021-09-26,3575,2741,1043,6,1616,12,64,1629270,1215507,,
2021-09-27,4393,3189,1224,7,1859,12,87,1633663,1218696,,
2021-09-28,3783,2726,1078,7,1553,14,74,1637446,1221422,,
2021-09-29,3898,2843,1148,3,1604,18,70,1641344,1224265,,
2021-09-30,3269,2468,954,3,1446,9,56,1644613,1226733,,
2021-10-01,3640,2607,1031,0,1490,13,73,1648253,1229340,,
2021-10-02,2927,2168,898,2,1204,10,54,1651180,1231508,,
2021-10-03,2835,2044,871,4,1100,15,54,1654015,1233552,,
2021-10-04,3715,2584,1043,6,1452,14,69,1657730,1236136,,
2021-10-05,3417,2342,992,4,1265,8,73,1661147,1238478,,
2021-10-06,3243,2247,988,4,1192,5,58,1664390,1240725,,
2021-10-07,2923,1992,864,3,1041,8,76,1667313,1242717,,
2021-10-08,3082,2093,848,5,1163,11,66,1670395,1244810,,
2021-10-09,2635,1846,792,2,990,9,53,1673030,1246656,,
2021-10-10,2363,1710,743,2,907,9,49,1675393,1248366,,
2021-10-11,2587,1791,755,2,968,15,51,1677980,1250157,,
2021-10-12,3050,2065,867,2,1111,14,71,1681030,1252222,,
2021-10-13,2944,1969,896,0,1013,12,48,1683974,1254191,,
2021-10-14,2675,1837,780,4,992,11,50,1686649,1256028,,
2021-10-15,2595,1802,769,2,962,10,59,1689244,1257830,,
2021-10-16,2194,1602,698,0,855,10,39,1691438,1259432,,
2021-10-17,2102,1525,663,2,803,10,47,1693540,1260957,,
2021-10-18,2616,1834,821,1,940,14,58,1696156,1262791,,
2021-10-19,2310,1576,690,2,819,13,52,1698466,1264367,,
2021-10-20,2415,1668,748,4,852,7,57,1700881,1266035,,
2021-10-21,2235,1521,717,0,735,10,59,1703116,1267556,,
2021-10-22,2236,1591,706,4,819,4,58,1705352,1269147,,
2021-10-23,1847,1307,577,2,669,5,54,1707199,1270454,,
2021-10-24,1957,1402,605,2,739,9,47,1709156,1271856,,
2021-10-25,2459,1697,776,2,851,21,47,1711615,1273553,,
2021-10-26,2272,1572,724,1,764,17,66,1713887,1275125,,
2021-10-27,2277,1551,715,3,770,12,51,1716164,1276676,,
2021-10-28,2207,1480,697,1,709,9,64,1718371,1278156,,
2021-10-29,2197,1393,632,5,681,7,68,1720568,1279549,,
2021-10-30,1984,1331,627,1,636,16,51,1722552,1280880,,
2021-10-31,2025,1394,683,0,628,13,70,1724577,1282274,,
2021-11-01,2804,1947,878,4,951,11,103,1727381,1284221,,
2021-11-02,2665,1857,899,2,863,16,77,1730046,1286078,,
2021-11-03,2591,1885,877,1,877,22,108,1732637,1287963,,
2021-11-04,2514,1756,874,5,774,13,90,1735151,1289719,,
2021-11-05,2553,1758,866,3,777,16,96,1737704,1291477,,
2021-11-06,2334,1659,836,3,716,22,82,1740038,1293136,,
2021-11-07,2128,1435,708,2,626,14,85,1742166,1294571,,
2021-11-08,2738,1782,893,13,765,23,88,1744904,1296353,,
2021-11-09,2510,1621,873,7,638,20,83,1747414,1297974,,
2021-11-10,2599,1755,906,6,711,13,119,1750013,1299729,,
2021-11-11,2191,1468,739,2,630,20,77,1752204,1301197,,
2021-11-12,2413,1578,842,8,613,15,100,1754617,1302775,,
2021-11-13,2127,1457,794,4,575,10,74,1756744,1304232,,
2021-11-14,2152,1425,712,3,628,24,58,1758896,1305657,,
2021-11-15,2664,1738,957,4,679,15,83,1761560,1307395,,
2021-11-16,2522,1643,852,5,630,31,125,1764082,1309038,,
2021-11-17,2674,1743,880,1,717,31,114,1766756,1310781,,
2021-11-18,2378,1501,819,3,556,22,101,1769134,1312282,,
2021-11-19,2544,1618,827,3,644,25,119,1771678,1313900,,
2021-11-20,2252,1359,718,5,509,30,97,1773930,1315259,,
2021-11-21,2374,1469,785,5,575,18,86,1776304,1316728,,
2021-11-22,3082,1879,1012,2,699,28,138,1779386,1318607,,
2021-11-23,2877,1770,979,2,636,33,120,1782263,1320377,,
2021-11-24,2891,1752,948,6,642,23,133,1785154,1322129,,
2021-11-25,2609,1581,863,0,588,30,100,1787763,1323710,,
2021-11-26,2838,1681,873,5,613,22,168,1790601,1325391,,
2021-11-27,2505,1566,848,1,552,35,130,1793106,1326957,,
2021-11-28,2668,1600,851,1,559,45,144,1795774,1328557,,
2021-11-29,3360,1969,1017,2,720,63,167,1799134,1330526,,
2021-11-30,3235,1862,954,2,691,34,181,1802369,1332388,,
2021-12-01,3574,2020,1096,4,688,35,197,1805943,1334408,,
2021-12-02,3299,1887,953,4,662,39,229,1809242,1336295,,
2021-12-03,3651,2125,1098,5,731,37,254,1812893,1338420,,
2021-12-04,3084,1717,891,4,613,40,169,1815977,1340137,,
2021-12-05,3349,1933,1023,6,660,42,202,1819326,1342070,,
2021-12-06,4562,2610,1391,7,842,45,325,1823888,1344680,,
2021-12-07,4678,2658,1439,5,783,51,380,1828566,1347338,,
2021-12-08,4794,2805,1451,6,847,43,458,1833360,1350143,,
2021-12-09,4575,2550,1253,10,751,50,486,1837935,1352693,,
2021-12-10,5045,2942,1393,6,780,67,696,1842980,1355635,,
2021-12-11,4971,2971,1228,12,866,69,796,1847951,1358606,,
2021-12-12,6134,3698,1342,11,1052,77,1216,1854085,1362304,,
2021-12-13,9454,5612,1800,10,1486,120,2196,1863539,1367916,,
2021-12-14,9905,5747,1760,19,1456,103,2409,1873444,1373663,,
2021-12-15,10603,5973,1646,26,1333,90,2878,1884047,1379636,,
2021-12-16,11187,6156,1554,17,1224,97,3264,1895234,1385792,,
2021-12-17,13930,7763,1738,12,1625,117,4271,1909164,1393555,,
2021-12-18,14432,8320,1726,13,1742,102,4737,1923596,1401875,,
2021-12-19,17733,10146,1760,18,2460,111,5797,1941329,1412021,,
2021-12-20,27520,15514,2220,19,3550,133,9592,1968849,1427535,,
2021-12-21,28216,15455,2126,12,3284,101,9932,1997065,1442990,,
2021-12-22,27594,14292,1770,15,2685,96,9726,2024659,1457282,,
2021-12-23,26456,14205,1558,10,2454,65,10118,2051115,1471487,,
2021-12-24,21917,12304,1393,9,2286,72,8544,2073032,1483791,,
2021-12-25,15913,8860,1391,9,2105,62,5293,2088945,1492651,,
2021-12-26,20112,12261,1711,12,2644,49,7845,2109057,1504912,,
2021-12-27,25538,17345,1826,19,2455,65,12980,2134595,1522257,,
2021-12-28,27526,18893,1422,8,1784,46,15633,2162121,1541150,,
2021-12-29,27269,20084,1016,3,1479,26,17560,2189390,1561234,,
2021-12-30,26409,19951,700,10,1087,27,18127,2215799,1581185,,
2021-12-31,16518,11046,339,4,634,10,10059,2232317,1592231,,
2022-01-01,6237,3623,180,1,367,9,3066,2238554,1595854,,
2022-01-02,9989,4969,135,0,263,4,4567,2248543,1600823,,
2022-01-03,9633,5619,80,0,116,1,5422,2258176,1606442,,
2022-01-04,4189,3211,22,0,9,0,3180,2262365,1609653,,
2022-01-05,131,131,0,0,1,0,130,2262496,1609784,,